120 90 

72 76 73 76 27 32 63 93 83 6 11 9 29 91 51 69 20 26 32 22 45 8 91 27 26 54 89 4 77 82 16 39 46 46 84 9 93 76 23 51 91 11 41 72 40 36 95 51 15 29 64 50 53 97 62 13 39 31 55 40 20 77 52 58 21 88 65 52 98 26 51 29 29 23 22 87 45 42 28 71 23 76 82 7 34 94 31 36 44 65 
74 69 2 65 25 70 1 1 60 43 15 85 44 32 6 27 57 98 72 45 74 20 82 69 93 62 51 73 13 66 97 93 89 30 45 60 40 1 13 51 39 15 84 1 84 17 44 37 48 17 48 83 64 4 96 61 87 26 51 90 53 20 37 48 33 50 16 9 76 75 54 2 25 94 42 25 97 35 53 37 90 33 86 7 33 81 29 72 57 71 
97 65 42 15 87 49 18 86 58 86 49 73 84 8 96 26 40 32 27 71 85 62 29 87 4 28 63 48 58 95 70 23 18 40 8 75 91 93 48 9 90 55 90 63 52 18 79 28 95 12 52 81 91 74 26 75 65 51 45 29 96 73 13 77 85 23 85 41 49 1 9 31 33 19 37 4 11 70 92 7 49 37 51 63 70 98 59 33 34 25 
52 73 22 61 88 97 5 82 93 57 73 72 37 56 85 88 32 89 29 37 66 91 10 68 6 94 72 98 51 81 17 48 8 23 53 65 58 54 95 8 13 11 67 62 76 79 4 74 39 55 70 11 94 82 15 4 91 34 3 47 57 91 55 32 77 44 31 8 6 50 48 18 93 24 78 20 46 82 30 93 84 59 20 77 24 96 60 14 75 46 
79 10 16 46 10 19 16 12 86 94 24 25 44 7 84 89 61 88 80 54 2 31 80 48 55 36 54 7 5 76 15 26 89 72 8 88 21 86 93 11 38 45 22 30 17 57 79 8 70 55 1 58 20 25 63 36 66 13 85 47 24 81 14 2 46 63 33 9 12 80 55 40 21 85 6 81 28 21 19 69 3 82 85 22 7 58 32 19 74 41 
39 24 50 72 26 75 73 79 29 51 71 42 11 52 83 98 67 58 64 26 23 7 66 58 75 94 33 60 28 64 96 90 82 64 91 80 38 84 86 44 12 64 73 48 68 12 92 7 95 54 81 28 98 26 80 83 29 33 49 49 80 46 97 73 45 32 4 14 84 59 34 77 48 98 82 38 64 89 76 54 38 81 63 9 3 50 54 68 1 16 
94 20 9 9 35 98 16 88 38 72 86 9 85 59 52 42 31 24 48 66 69 22 87 61 25 77 18 2 30 86 22 9 87 5 50 32 2 15 68 56 41 95 21 73 4 60 63 24 95 52 64 7 31 51 73 3 24 87 31 20 76 9 43 32 14 69 31 19 96 62 27 1 22 65 35 81 30 83 53 80 62 56 66 93 58 16 73 10 91 76 
87 32 13 86 56 20 54 56 61 80 16 69 72 79 65 94 19 8 25 12 37 39 39 81 20 70 69 15 40 93 35 77 69 19 77 43 5 19 16 52 4 69 27 33 26 40 63 50 8 71 18 62 13 1 74 28 98 25 62 47 4 29 19 67 62 20 76 9 35 36 58 64 11 97 37 78 35 40 12 95 21 67 56 66 94 46 56 42 54 77 
1 19 88 42 15 67 50 29 7 14 42 34 16 84 46 32 35 11 89 42 47 42 76 84 68 86 19 52 63 11 31 95 93 31 95 1 74 23 23 93 48 60 88 35 5 77 63 39 22 24 66 55 75 57 86 90 75 32 69 61 15 87 89 37 29 51 94 46 83 82 74 82 17 81 50 75 56 41 14 80 10 83 1 77 92 16 1 26 20 60 
1 45 70 89 18 27 20 87 19 51 55 14 5 43 4 71 67 92 14 93 63 41 80 47 52 92 57 13 89 43 93 29 71 20 3 67 34 12 30 82 44 43 13 35 36 7 50 32 21 21 84 46 73 40 85 44 31 16 54 4 43 21 69 9 51 13 27 20 78 78 66 53 30 25 76 32 90 14 1 79 95 29 35 12 36 79 92 3 72 67 
29 12 47 78 44 67 12 42 38 94 18 40 92 42 15 98 85 51 74 13 75 51 72 59 20 42 27 39 67 40 37 7 25 41 70 5 46 39 38 51 16 18 76 32 14 22 37 63 17 44 9 76 8 92 57 72 74 61 27 79 15 9 22 42 90 62 41 38 53 42 8 45 94 77 79 45 67 64 93 59 8 42 65 4 81 72 30 10 2 82 
87 75 28 59 77 84 24 68 19 71 85 46 54 63 70 66 71 56 16 74 58 53 11 13 26 1 58 36 84 68 1 50 5 35 54 54 58 84 16 7 78 46 69 64 2 25 34 34 39 57 47 70 75 23 91 89 59 85 28 37 69 4 83 74 57 30 11 64 84 90 6 39 51 26 66 16 55 46 32 54 24 89 2 89 61 94 38 87 52 9 
55 28 80 33 70 81 50 82 23 33 39 41 3 17 95 39 5 93 26 76 29 76 81 72 61 27 56 92 30 80 63 49 91 57 63 88 17 74 55 39 87 13 64 47 92 2 45 26 13 19 35 6 65 94 71 15 39 86 77 38 71 26 94 13 60 21 44 27 45 61 20 50 67 77 17 79 84 58 90 94 29 23 13 45 19 65 22 33 64 97 
87 38 31 41 37 40 48 50 21 45 23 37 71 27 67 55 25 36 15 7 57 91 30 62 41 79 79 13 90 77 87 63 87 92 79 68 2 80 72 63 34 61 19 63 19 4 69 37 11 38 18 67 74 45 11 87 8 63 16 81 62 51 51 13 14 59 82 13 24 61 17 30 81 94 57 17 27 17 35 80 37 64 51 74 65 46 55 96 62 46 
62 55 92 45 7 3 13 7 6 52 21 78 3 19 43 54 83 52 73 87 35 4 87 56 9 96 80 29 95 4 19 20 24 96 22 42 20 31 15 17 31 57 48 38 62 45 69 76 28 93 27 41 9 35 66 9 23 32 81 39 83 67 10 30 36 90 58 85 33 3 25 23 48 91 34 68 53 40 97 47 91 64 93 32 6 35 30 57 85 42 
58 17 20 78 23 74 12 37 14 34 29 6 54 12 67 21 37 16 94 26 58 17 92 25 4 16 32 48 84 17 51 7 78 6 51 63 1 89 12 23 40 56 59 91 6 69 36 51 82 17 75 86 43 76 36 52 11 57 47 96 64 87 52 1 54 11 34 72 32 19 4 87 29 68 28 17 96 1 15 68 19 96 31 3 93 57 25 38 56 13 
55 25 1 8 74 40 75 9 33 54 14 96 20 87 31 11 43 3 48 44 97 84 29 33 90 1 24 32 75 2 6 11 74 37 17 83 95 90 98 80 80 39 54 24 60 78 21 17 33 13 53 57 50 29 75 52 57 95 22 40 27 52 13 19 47 49 68 85 20 86 63 84 41 40 17 45 84 31 58 98 34 71 17 83 64 13 94 15 31 5 
72 60 51 98 91 79 24 49 97 24 33 84 71 42 29 4 13 24 86 53 84 52 92 28 14 83 34 93 54 76 49 71 76 44 27 19 82 35 52 92 67 87 8 75 95 37 89 4 83 12 87 28 80 53 23 75 74 5 28 72 44 93 68 19 54 62 20 28 10 28 63 40 7 67 45 43 75 43 21 24 94 78 86 32 52 14 43 35 69 86 
2 53 84 46 61 58 62 21 89 3 68 48 49 25 25 92 50 14 87 41 95 35 79 65 14 15 53 45 44 37 9 44 72 34 44 47 46 26 8 6 58 87 22 58 90 32 3 30 92 25 93 26 78 18 62 12 75 59 24 22 38 57 29 56 96 86 24 24 7 74 65 22 85 42 76 32 38 35 79 3 21 57 94 95 15 9 93 75 74 76 
70 49 68 76 95 97 35 74 88 31 77 43 8 83 33 94 21 41 7 93 68 50 16 48 45 55 76 46 89 97 95 2 79 82 93 23 4 39 25 29 84 16 77 30 11 16 1 91 87 96 93 18 6 87 61 9 1 57 40 17 17 76 80 31 75 44 27 56 76 76 35 9 68 80 43 69 95 33 53 4 10 47 95 65 78 14 33 34 62 27 
95 18 96 62 36 8 54 74 82 97 69 45 21 55 44 16 56 43 12 50 43 60 86 23 17 75 8 35 45 22 79 89 22 87 42 97 65 93 92 25 48 1 51 13 89 45 77 7 25 22 12 56 25 36 86 72 92 38 34 77 94 74 10 53 84 62 73 35 43 59 80 4 63 8 68 35 81 74 85 4 30 12 82 86 82 13 86 64 48 37 
69 59 7 84 80 21 5 8 58 83 25 67 63 74 98 48 8 31 47 3 14 55 97 58 60 70 72 17 33 35 9 96 69 77 76 52 33 33 76 78 30 53 41 47 25 50 63 31 50 16 73 28 6 81 45 84 79 65 97 8 95 18 22 73 98 56 84 61 48 86 91 64 27 84 59 27 23 76 92 45 61 53 82 19 53 4 13 17 81 14 
28 53 48 26 42 83 40 31 16 64 93 73 64 38 7 59 19 75 83 24 6 40 36 6 4 40 12 43 35 12 48 43 65 92 59 19 72 95 4 69 63 29 2 28 74 70 44 53 62 83 78 26 12 51 53 2 81 4 85 40 70 90 84 46 89 1 87 34 61 16 61 41 5 74 56 61 27 92 29 96 57 14 96 24 28 11 96 30 83 28 
32 49 93 54 57 61 63 62 51 76 97 6 68 61 26 76 82 15 62 76 6 21 2 69 3 91 6 74 14 81 46 41 41 31 90 94 32 68 83 19 69 4 29 16 72 9 54 41 97 3 71 29 22 73 35 29 48 70 56 28 91 60 12 92 91 4 27 24 93 14 62 91 23 42 28 40 42 66 40 96 94 46 70 51 18 88 62 73 66 70 
44 93 51 22 66 40 80 29 55 70 8 46 91 89 33 58 20 81 49 97 66 89 98 70 88 17 77 61 75 92 98 61 80 69 78 64 31 53 5 36 75 94 48 77 46 39 75 69 76 36 28 92 15 82 46 36 32 38 5 53 5 20 63 4 5 9 80 84 22 17 82 22 85 15 93 51 91 47 72 96 64 18 37 86 51 36 38 29 42 58 
93 19 3 47 92 71 6 56 71 48 62 91 41 28 34 58 73 72 91 68 29 60 49 27 20 91 76 80 19 33 19 96 68 9 2 6 29 57 20 10 48 55 7 97 81 59 23 40 41 74 13 47 13 88 60 17 75 36 88 65 56 31 9 65 82 67 23 46 4 58 72 74 20 66 18 60 92 63 58 72 59 44 81 49 89 67 44 5 25 63 
60 11 54 70 82 10 62 43 61 9 12 31 14 71 57 77 12 20 82 50 77 44 96 10 1 19 2 94 72 52 72 42 82 58 72 28 77 59 89 66 82 60 73 59 31 7 6 8 22 47 18 84 97 93 66 93 11 52 61 78 51 80 64 49 96 62 42 2 40 16 76 3 35 35 10 20 49 58 46 22 76 68 56 8 62 50 79 70 33 32 
18 30 58 56 98 25 91 93 20 10 19 75 20 46 4 26 34 4 60 4 61 6 53 36 23 97 61 71 88 66 94 55 86 20 23 85 35 15 83 1 26 9 83 3 8 59 38 38 66 51 80 96 20 21 23 2 88 78 84 9 51 34 27 3 33 79 16 50 65 28 46 23 83 51 3 50 15 90 21 4 57 94 28 3 40 70 96 57 28 26 
46 46 16 14 86 42 23 67 6 49 69 1 62 4 47 67 31 11 54 74 2 37 55 48 95 5 31 56 81 48 41 6 25 46 98 44 5 44 23 84 4 71 94 88 51 15 2 1 39 34 65 58 69 76 56 68 80 93 45 78 70 61 59 81 76 97 81 73 17 36 38 73 20 61 49 37 85 92 86 19 17 82 35 93 21 66 87 84 3 14 
97 65 54 89 19 87 68 54 31 30 30 97 47 83 49 46 95 47 67 49 8 18 98 15 13 71 42 74 11 77 97 98 50 8 34 10 61 28 24 47 6 29 66 64 39 97 44 88 17 54 15 27 86 74 77 18 40 80 21 6 67 59 72 37 94 92 54 74 75 45 85 58 40 43 83 92 61 85 41 69 66 86 53 24 71 50 40 46 26 14 
84 47 29 40 90 97 1 11 19 37 75 77 9 13 95 50 70 70 48 2 8 81 94 72 44 78 23 43 63 14 19 82 38 72 27 44 74 47 73 26 49 93 21 34 70 81 2 94 70 59 48 48 58 25 45 98 35 72 11 46 1 51 7 6 3 1 83 70 64 22 58 43 84 13 30 13 70 61 28 67 42 81 77 57 33 90 39 95 51 70 
20 6 67 63 12 24 33 41 82 35 89 55 93 94 90 35 5 63 80 20 94 60 81 62 69 86 84 82 23 80 18 76 4 88 63 76 11 22 9 67 22 41 3 9 97 82 75 71 89 4 77 8 78 70 83 83 30 47 54 89 8 36 39 3 58 65 43 30 62 92 33 50 1 81 56 40 22 73 64 49 39 34 65 42 58 98 34 36 94 61 
66 48 47 7 1 6 60 21 70 39 10 23 54 19 12 46 45 39 60 59 45 81 53 17 58 17 4 63 96 98 26 28 47 47 37 96 94 17 25 29 13 7 73 58 38 35 67 15 72 43 86 17 69 33 95 71 16 45 34 61 76 58 74 54 40 2 41 50 28 13 65 48 34 11 49 54 68 57 40 22 13 38 66 42 97 2 78 15 79 33 
13 16 32 79 43 51 55 64 29 84 51 97 46 62 26 68 56 10 55 11 88 43 1 4 62 74 13 56 81 70 38 51 57 3 53 32 79 50 75 1 69 72 26 69 64 16 37 36 86 95 54 11 89 89 45 58 72 25 20 68 21 25 4 83 52 33 29 16 78 36 72 81 49 70 2 28 84 64 97 48 26 3 78 65 82 90 51 79 78 31 
21 53 32 49 44 44 1 73 34 58 65 66 63 74 90 70 7 11 62 24 5 84 39 30 85 19 82 64 46 91 70 45 56 4 87 80 60 71 26 47 56 10 77 97 66 85 3 29 56 14 9 37 33 52 27 94 73 6 30 20 2 12 54 21 20 36 79 33 65 68 5 70 74 53 9 84 16 64 72 76 29 38 65 19 26 28 35 20 79 22 
30 82 62 71 55 26 85 37 60 17 10 22 72 35 51 51 79 72 42 7 60 17 63 24 30 2 59 6 37 43 51 66 32 19 15 88 51 34 40 9 8 5 89 65 66 5 98 96 56 66 39 30 74 70 23 10 43 43 55 88 64 81 65 48 52 35 33 72 75 74 21 36 9 38 39 6 2 79 17 28 33 71 61 24 8 38 73 22 31 82 
47 13 70 42 91 37 45 93 23 48 39 18 78 3 44 81 11 89 61 64 58 83 88 33 1 47 89 71 25 20 14 95 70 60 88 8 18 28 71 32 41 24 49 43 25 32 69 77 73 62 26 65 55 7 36 72 97 85 81 30 42 76 44 18 79 34 29 3 80 65 54 79 87 61 50 22 98 4 58 9 37 15 17 27 44 5 91 30 6 49 
94 70 67 27 63 18 92 89 10 72 73 63 90 81 63 41 77 95 40 71 57 61 7 3 60 64 83 1 26 37 32 94 68 83 84 22 39 96 41 48 30 10 54 17 18 91 98 22 65 89 56 12 11 14 90 12 60 73 71 91 35 50 4 97 41 23 96 38 87 90 52 36 75 11 89 86 31 90 81 94 50 45 36 11 82 28 31 37 96 37 
5 51 72 65 58 26 91 63 3 8 14 33 77 66 4 31 39 9 31 80 17 22 38 26 97 7 38 49 63 18 1 83 41 95 49 39 64 29 49 48 4 31 71 97 93 44 57 86 47 7 19 63 35 87 33 79 44 84 90 14 13 35 89 66 91 50 72 76 5 36 28 73 60 81 52 44 1 47 45 16 13 47 16 89 56 8 56 85 90 4 
58 53 51 97 56 13 11 96 97 96 50 63 12 68 35 46 3 81 29 62 1 84 72 44 18 63 96 82 28 64 9 6 96 87 82 62 26 14 28 97 47 89 94 54 75 54 40 17 6 14 74 39 58 36 72 87 85 48 54 39 42 3 6 14 11 12 49 9 24 94 18 28 63 81 13 87 70 87 72 52 64 28 13 7 9 38 52 65 66 54 
15 68 3 35 29 71 27 52 49 70 74 20 26 77 92 20 12 31 30 89 38 20 14 79 47 93 21 98 29 81 54 33 46 26 51 71 8 70 57 13 33 90 5 32 10 76 44 52 75 45 22 72 6 35 11 69 4 9 25 49 3 74 44 36 5 79 73 92 48 57 29 43 94 42 27 77 22 28 15 27 92 56 19 93 5 26 68 88 60 98 
67 49 57 40 63 60 72 23 1 1 97 32 21 65 39 36 94 4 90 20 47 19 64 68 57 94 71 26 25 26 54 64 33 91 18 85 38 33 90 31 92 86 74 95 15 65 78 52 73 28 50 95 48 80 1 2 13 55 60 45 91 35 70 9 58 33 46 45 69 56 18 87 62 58 93 85 47 96 69 95 30 87 66 73 47 71 24 73 63 27 
55 78 86 48 95 62 57 95 14 70 73 44 92 47 85 11 4 28 6 94 85 45 94 33 63 65 92 23 34 82 81 10 51 66 68 47 47 83 10 33 64 33 61 79 50 8 67 97 78 12 7 49 50 34 55 98 81 9 84 24 92 28 28 66 11 26 92 23 57 19 81 19 44 69 25 87 27 5 58 36 34 22 61 81 57 32 67 39 39 24 
86 64 37 15 13 69 65 79 32 68 70 25 87 43 85 87 42 40 20 84 58 96 17 97 85 23 40 7 64 6 21 9 94 93 55 16 42 77 41 84 11 31 24 87 5 57 16 91 40 72 41 21 85 59 82 70 13 81 25 63 9 70 2 72 19 23 65 93 13 63 52 64 44 25 45 73 12 27 33 45 77 75 17 72 72 64 57 12 30 74 
38 54 86 76 4 22 17 45 66 18 12 72 94 94 67 63 64 6 46 91 38 48 83 91 66 84 62 90 9 34 8 83 13 75 44 85 3 95 39 90 46 31 70 94 54 83 78 82 32 73 36 77 98 93 23 28 9 68 48 82 74 65 78 84 58 43 85 25 36 68 10 81 31 37 43 24 86 88 30 83 26 19 71 29 51 43 2 4 21 94 
11 3 10 38 28 70 97 65 45 56 7 23 40 8 60 57 6 72 36 57 52 90 81 27 88 45 75 42 32 52 66 80 10 46 68 17 42 64 57 26 13 5 93 72 15 80 87 69 1 70 24 67 17 65 12 59 32 20 61 3 98 7 52 51 43 16 39 46 95 90 12 58 64 73 51 9 2 50 72 33 62 70 64 3 77 1 62 14 78 33 
11 58 45 17 79 15 88 81 73 75 28 2 23 19 28 83 90 25 16 1 23 67 26 41 75 90 64 93 95 38 32 13 80 91 80 65 57 9 40 91 95 26 77 96 75 63 86 83 39 90 59 33 51 17 37 84 17 60 72 35 17 90 45 2 72 13 81 6 8 11 12 87 31 91 3 88 29 62 70 29 77 10 40 97 22 84 11 3 32 13 
39 31 1 19 90 72 31 61 62 5 6 82 18 20 12 81 78 4 79 26 13 3 80 81 73 45 57 45 83 36 73 86 59 43 77 96 34 77 70 91 58 54 90 55 46 42 83 89 93 52 17 80 1 18 25 11 39 47 88 65 42 4 40 36 60 87 71 88 32 57 10 19 64 27 3 88 38 49 50 17 17 76 24 34 72 56 70 81 69 1 
6 34 89 33 75 60 19 8 87 79 40 63 28 82 28 33 40 40 15 74 51 4 5 58 47 25 96 11 13 48 64 85 75 32 46 96 19 73 20 49 23 74 83 48 80 69 92 17 96 67 39 24 17 71 57 58 53 28 23 95 97 56 16 40 79 75 84 29 70 87 14 48 38 67 20 11 17 60 90 78 23 57 58 77 5 41 57 59 96 50 
17 14 19 13 91 37 84 68 92 48 34 92 64 37 83 84 19 31 88 49 17 66 97 93 48 24 24 38 73 62 4 10 47 62 95 89 28 21 8 82 28 45 24 98 66 34 9 70 59 66 33 50 13 18 60 97 45 81 59 23 1 71 58 42 11 71 50 88 43 1 71 87 26 92 39 16 37 88 62 1 67 93 37 23 30 46 60 90 64 42 
77 16 70 80 74 14 6 23 84 26 44 60 35 58 1 27 30 8 29 74 16 24 48 47 13 34 80 89 53 87 32 1 79 47 69 39 60 1 77 34 36 74 50 70 81 20 74 97 57 8 56 35 11 68 81 14 66 25 18 2 33 26 88 73 91 61 50 58 10 34 70 19 3 4 38 76 34 38 76 68 38 68 83 34 86 41 90 78 65 58 
30 52 89 75 96 64 66 96 42 31 72 24 12 20 29 28 43 4 20 61 8 97 62 97 51 3 17 97 52 7 16 57 75 72 76 3 76 59 6 14 79 97 93 97 47 21 22 91 82 14 49 77 73 78 24 24 79 41 57 53 4 84 33 4 66 16 15 68 40 69 80 73 18 39 89 93 32 85 48 67 97 66 80 49 35 5 11 73 48 91 
15 9 1 81 52 23 57 58 39 94 77 59 31 51 27 86 47 61 13 67 14 78 46 75 47 76 90 95 61 78 10 25 7 78 67 91 63 50 69 52 5 10 84 21 23 69 58 1 14 62 42 91 46 21 65 82 55 58 82 27 28 80 1 11 87 57 25 6 67 56 72 93 85 62 52 83 78 2 5 26 78 18 42 31 44 25 74 33 98 87 
85 9 91 4 73 63 44 77 1 71 44 89 90 46 35 64 59 40 3 20 6 70 72 3 82 53 97 23 74 73 10 82 5 63 78 10 91 33 1 76 9 30 10 78 80 80 37 49 90 69 62 62 24 23 19 88 88 13 17 97 48 52 3 20 79 1 48 27 24 19 27 52 4 5 49 37 59 4 42 23 7 63 87 73 30 24 44 56 60 50 
36 10 39 45 82 86 19 93 75 46 2 5 77 14 28 61 93 90 70 28 70 7 77 51 2 68 79 80 27 81 49 52 78 36 35 6 25 69 66 59 24 75 66 76 3 78 92 83 69 95 19 87 26 28 97 57 41 59 78 54 60 95 52 4 23 75 51 18 32 35 74 62 59 16 41 33 50 84 21 36 44 39 93 65 1 82 11 15 4 51 
4 98 21 67 68 34 97 61 48 82 46 72 41 64 28 19 68 85 16 75 34 27 68 71 77 18 76 93 70 95 74 97 67 38 88 6 27 72 13 23 73 65 59 54 29 18 85 1 60 68 15 81 78 62 18 67 64 81 17 70 41 74 42 72 80 75 29 82 83 3 18 72 94 56 20 7 8 88 36 10 32 71 81 22 14 73 14 97 34 77 
39 53 58 40 42 38 36 66 24 55 45 51 78 55 73 49 44 28 27 70 62 44 44 43 76 58 26 17 3 40 77 39 11 51 42 44 75 20 90 14 46 94 33 35 57 38 14 23 44 7 39 22 41 93 84 67 7 55 18 17 14 21 44 11 19 77 17 2 59 89 72 76 35 29 29 21 63 74 44 32 87 81 21 11 71 13 97 64 65 25 
63 53 66 52 20 50 22 19 46 1 95 83 25 38 62 59 24 22 35 24 59 2 11 93 17 64 52 85 72 66 87 51 33 34 47 74 20 55 21 90 80 71 16 80 71 78 60 50 11 69 34 20 42 89 44 9 9 23 88 44 94 98 91 31 85 78 44 73 20 77 24 38 62 54 95 44 44 73 43 39 27 84 78 84 52 12 18 62 75 76 
40 37 21 51 39 87 88 14 66 1 73 12 14 90 66 24 57 89 27 48 33 55 38 6 67 21 26 33 55 92 58 80 62 84 51 96 74 37 53 66 51 79 43 29 76 25 60 42 83 9 60 60 3 72 38 80 97 70 88 79 68 3 41 48 66 3 31 59 38 28 17 26 8 78 46 62 22 10 85 6 35 14 60 61 15 7 91 74 80 47 
20 41 23 2 88 81 69 27 28 86 69 63 12 11 97 86 19 1 50 36 62 25 45 24 27 10 39 3 87 91 91 89 88 75 4 98 75 74 81 81 23 32 81 88 35 21 37 77 24 39 6 45 17 20 35 91 64 80 95 12 27 82 67 82 53 46 46 67 49 54 40 96 77 16 13 52 41 21 57 63 11 55 37 96 94 63 4 27 8 68 
47 10 9 38 7 58 6 74 2 33 41 52 27 77 88 83 52 70 55 80 78 44 34 10 21 81 20 48 52 60 14 52 4 28 29 21 90 52 50 90 45 29 61 94 17 89 81 39 53 65 60 42 25 26 62 94 64 79 59 62 40 56 6 53 77 66 69 50 86 71 26 59 41 25 64 75 64 89 64 66 92 73 64 18 19 3 18 42 54 74 
26 34 17 81 51 38 37 14 82 33 36 85 89 37 30 69 81 32 82 47 51 55 30 10 59 5 8 40 39 4 1 59 62 31 24 60 49 53 42 88 5 97 20 73 23 20 97 68 96 53 36 14 90 94 41 24 68 43 92 67 96 33 83 28 28 39 24 62 25 46 86 2 10 59 80 41 1 36 46 45 63 39 76 93 54 47 85 74 68 35 
78 3 81 66 1 68 33 57 80 32 6 93 60 2 62 96 42 47 85 90 32 77 55 66 54 95 30 29 23 18 90 20 14 73 95 20 63 92 15 47 11 70 1 60 24 76 26 94 74 9 91 6 56 89 87 16 48 50 10 87 11 27 87 56 72 27 87 90 3 80 79 33 74 72 69 10 30 80 74 20 57 46 79 56 68 92 82 17 81 84 
66 40 74 56 78 94 27 56 8 98 26 18 28 90 66 61 14 44 34 10 32 29 21 45 71 3 57 1 14 89 21 93 15 19 76 36 20 86 5 75 71 4 44 4 74 24 60 35 29 83 98 23 4 78 89 53 75 45 47 64 96 30 1 69 40 55 14 53 38 91 30 21 75 30 69 81 66 14 45 67 24 91 12 92 95 74 6 62 35 78 
28 33 94 1 57 33 1 10 37 56 59 4 2 52 37 3 42 87 23 23 60 76 34 71 80 39 30 85 89 34 96 73 46 29 27 25 42 57 87 46 51 74 84 12 1 18 92 40 63 31 85 46 33 92 88 14 52 50 3 63 37 20 53 40 9 66 90 76 44 36 66 62 35 48 19 75 44 60 61 64 17 91 87 56 71 23 3 93 78 34 
83 68 40 58 24 24 5 58 89 91 27 59 34 95 66 50 63 9 93 92 40 39 56 12 31 83 17 25 2 78 91 68 18 38 79 10 92 36 60 72 78 78 15 17 36 12 35 9 78 42 38 29 53 68 38 88 19 20 67 92 91 29 47 52 78 30 9 62 31 85 97 59 54 7 56 49 72 24 89 74 55 21 60 61 6 36 43 15 6 84 
73 93 91 73 28 53 92 30 97 84 2 70 96 78 69 84 35 66 3 34 98 72 75 62 12 5 80 55 29 34 58 13 91 12 96 26 80 53 66 56 72 79 54 12 68 94 92 89 33 20 65 91 20 98 60 10 22 16 2 58 54 13 93 17 7 31 17 31 26 37 60 95 66 20 68 54 45 12 40 48 38 5 29 94 35 39 55 92 19 74 
11 25 19 16 37 92 44 82 14 60 29 20 67 41 56 16 55 4 95 27 77 84 52 6 41 40 88 36 90 83 96 83 28 84 14 53 74 35 84 47 55 22 68 76 22 77 35 24 2 57 9 48 35 56 86 77 31 34 24 29 8 48 86 40 80 90 5 83 71 81 10 58 76 87 59 9 80 21 41 34 73 55 8 58 78 63 46 15 46 48 
52 36 96 7 66 66 20 95 50 57 40 76 72 28 60 25 93 64 36 85 50 93 7 30 83 91 42 46 81 65 87 85 2 11 77 22 42 78 61 37 62 72 62 71 85 4 28 52 87 62 75 53 30 6 1 18 63 38 68 49 31 65 34 69 40 98 88 30 11 95 57 52 35 75 36 57 86 62 26 50 8 9 31 48 74 48 38 30 36 38 
57 95 48 64 91 37 49 56 1 52 60 51 41 19 20 28 50 21 56 96 3 26 10 86 79 18 80 92 11 81 56 86 26 46 36 46 35 3 56 28 22 56 86 90 89 29 78 54 49 37 77 38 17 73 19 6 60 40 87 83 73 53 18 45 47 93 2 71 65 89 7 24 89 10 82 54 29 26 33 5 15 23 67 9 40 71 35 47 37 28 
33 68 61 85 69 20 51 40 22 47 65 92 33 75 21 69 73 39 5 83 68 73 48 47 36 80 77 52 84 98 42 86 83 68 81 30 16 16 15 59 64 56 75 36 48 2 63 43 98 81 63 35 90 85 64 73 66 21 43 30 79 79 11 49 61 2 81 75 10 69 46 22 11 19 98 53 63 14 61 75 87 2 42 76 14 87 50 73 96 73 
29 43 56 60 3 48 49 34 76 80 71 91 90 70 52 43 17 55 82 41 60 26 18 29 88 50 62 22 71 93 68 71 93 6 42 82 28 65 21 42 23 42 60 97 75 54 28 75 80 36 93 3 89 78 72 67 7 16 89 26 19 59 22 49 14 70 80 40 12 26 71 59 74 85 22 18 84 48 2 36 98 21 42 14 82 62 53 72 35 31 
11 74 30 92 27 19 66 96 43 26 24 52 14 33 32 74 6 78 9 48 87 60 87 52 51 16 90 94 13 28 20 98 65 88 83 9 40 34 61 45 42 77 1 6 7 15 49 76 78 96 11 11 81 65 15 62 51 96 20 12 75 36 70 79 18 90 4 24 69 16 69 96 79 41 43 74 66 92 91 40 37 47 48 13 56 3 62 55 17 23 
70 26 78 60 93 96 64 51 28 98 93 79 72 56 94 43 95 7 98 1 3 91 62 57 56 56 2 11 3 70 18 72 53 69 16 86 87 13 42 87 77 35 77 92 23 37 6 8 80 29 45 90 13 22 68 20 31 90 64 93 81 72 19 79 94 85 58 23 24 40 64 11 3 93 62 63 9 93 66 21 89 42 89 66 21 93 81 96 71 48 
31 46 15 21 48 68 47 20 75 26 49 30 78 50 69 47 91 53 38 17 94 15 63 37 61 37 75 9 46 93 56 68 31 42 73 86 47 6 76 86 67 52 19 71 3 94 95 30 82 69 84 84 56 46 84 97 6 40 79 77 75 31 61 2 14 17 75 23 1 96 50 1 94 33 84 94 64 45 70 87 86 18 8 73 46 88 8 42 61 23 
42 9 6 15 33 92 97 65 79 8 64 67 95 83 96 27 66 64 59 76 77 11 85 67 42 27 14 6 54 50 20 23 42 87 83 75 78 49 40 66 83 24 24 49 95 44 55 79 64 1 54 48 37 97 12 37 71 88 57 41 82 89 77 70 29 32 87 57 98 22 84 24 68 79 6 44 48 44 27 76 14 34 12 42 9 33 79 47 29 96 
36 68 5 70 23 55 69 88 11 93 80 71 30 82 59 39 77 16 72 34 98 20 80 8 38 8 12 73 96 50 58 93 42 21 91 44 29 52 39 93 9 80 85 44 33 29 15 87 51 18 87 66 68 81 78 94 73 74 84 64 47 59 47 52 44 2 26 94 64 20 34 96 84 19 88 83 22 25 61 24 18 67 82 46 92 12 9 68 25 98 
44 57 22 67 71 21 61 66 91 10 97 96 4 2 54 16 51 91 39 48 24 35 75 14 30 11 39 45 22 84 41 74 68 44 8 18 91 74 1 50 77 58 57 26 54 46 58 39 34 57 46 97 51 38 29 24 56 83 33 70 15 43 70 35 10 17 32 78 97 73 41 24 18 6 39 88 95 69 51 59 61 33 7 70 84 56 98 59 15 65 
55 63 41 48 56 87 64 64 72 91 21 28 43 72 9 86 39 23 92 9 5 62 28 29 96 34 88 45 72 13 56 15 57 13 78 65 42 58 52 40 73 46 5 22 96 49 3 24 69 73 32 6 98 73 3 32 96 97 71 7 87 37 66 3 64 40 83 69 56 92 40 55 77 8 68 32 42 81 3 92 71 80 63 46 9 37 3 32 76 79 
47 89 55 56 74 71 94 98 12 90 93 67 15 96 92 59 17 49 68 88 39 51 89 33 18 98 10 49 63 72 88 93 80 17 19 76 56 85 40 29 69 65 46 39 68 95 50 93 15 85 63 58 28 59 45 25 64 98 20 82 91 54 21 46 44 62 63 40 67 40 53 57 19 3 58 98 67 75 7 73 74 65 56 86 10 24 8 43 91 35 
30 77 14 65 1 46 94 23 24 57 48 32 24 39 65 73 14 19 28 55 51 71 49 52 21 83 90 17 19 96 81 63 30 51 21 56 70 72 9 43 18 17 65 6 82 5 93 36 80 64 16 76 67 30 14 67 96 23 82 6 71 40 40 29 17 3 65 39 30 88 46 79 58 54 79 31 93 84 11 41 16 45 34 83 67 51 27 15 95 10 
48 21 75 52 64 8 80 90 20 2 70 87 67 63 73 65 21 45 40 43 85 14 9 94 19 4 75 58 40 53 12 61 66 82 58 88 79 77 58 77 2 63 91 30 93 29 4 30 59 73 47 71 41 14 76 70 49 79 86 14 35 35 50 48 76 46 47 72 54 62 70 78 27 36 60 62 33 84 96 17 98 71 41 11 89 11 50 92 14 25 
25 52 17 84 24 90 7 87 53 16 66 94 50 50 5 89 53 96 9 94 13 16 72 32 40 35 74 69 48 98 29 67 17 27 89 94 41 57 15 61 61 97 29 61 17 7 68 95 97 5 84 41 17 30 53 93 10 47 76 91 83 46 27 87 72 21 72 81 44 88 34 55 43 90 24 58 62 35 53 25 48 82 2 56 62 29 89 14 12 23 
6 75 6 69 39 50 38 77 48 65 84 66 77 79 53 42 85 63 54 28 72 45 93 76 73 66 76 69 24 93 26 73 92 93 64 7 63 63 82 5 68 59 91 45 40 21 86 59 87 71 64 48 34 51 4 84 49 77 46 16 72 22 24 64 34 56 59 16 16 46 22 85 51 91 45 70 23 61 39 11 78 24 72 16 59 53 86 16 38 84 
18 31 92 75 80 42 38 13 55 69 47 12 14 43 24 65 4 70 87 36 19 42 41 79 90 80 8 88 25 8 85 70 60 66 78 18 67 69 67 29 40 62 75 53 32 69 52 56 72 3 55 7 96 91 36 19 54 51 49 41 80 8 86 25 95 49 26 75 83 18 53 82 11 63 50 64 75 78 84 49 54 35 62 50 83 83 3 76 40 19 
76 25 12 70 28 88 35 92 38 92 79 23 83 4 73 86 70 63 47 66 53 77 20 43 42 39 15 96 15 10 18 93 80 57 14 3 12 51 76 90 64 55 45 49 97 11 84 37 79 53 98 22 18 6 38 90 34 98 94 75 28 11 67 12 30 26 33 24 71 78 24 52 91 6 8 39 50 33 74 68 13 93 98 72 17 48 3 93 89 69 
11 40 16 7 79 80 27 70 43 24 77 81 41 32 24 75 60 5 55 84 82 58 88 64 49 27 89 36 21 74 17 9 65 42 70 54 12 90 8 69 72 83 55 5 54 18 95 69 47 68 41 44 11 9 81 74 30 80 48 79 30 57 50 21 74 35 24 25 43 36 20 92 53 83 52 82 43 75 62 84 91 40 77 76 71 27 92 77 27 82 
38 25 33 75 62 17 24 22 89 44 28 98 10 26 87 45 27 26 40 63 17 63 38 86 67 78 91 42 98 91 49 29 37 88 80 34 60 73 63 63 5 96 63 63 17 97 88 79 10 17 30 64 21 46 53 50 49 61 60 66 87 90 44 47 37 66 16 51 63 80 87 6 69 70 60 42 78 62 69 89 7 21 31 95 21 75 45 31 64 88 
92 91 8 60 19 82 10 82 6 13 54 64 78 44 12 32 68 77 6 73 49 66 33 83 69 30 20 52 71 36 59 52 79 88 60 1 47 9 82 62 15 35 17 52 71 89 58 90 70 88 49 98 72 98 35 49 80 93 90 64 64 95 65 37 52 9 94 32 4 37 36 15 69 9 34 92 29 32 84 88 24 10 77 8 91 16 50 23 81 2 
12 7 48 58 90 15 50 74 79 55 97 4 51 5 70 24 43 29 23 25 64 44 68 98 14 16 5 96 22 71 49 94 71 58 46 66 27 95 97 41 10 76 64 91 8 62 39 38 46 94 69 82 30 87 5 19 94 9 76 1 92 72 34 35 97 25 41 96 32 50 11 42 56 23 88 49 13 53 67 63 67 11 58 46 59 78 36 50 12 95 
59 1 78 65 79 28 58 89 14 28 26 41 58 35 61 32 95 72 7 89 48 58 33 90 84 48 17 44 13 91 49 59 11 16 96 70 80 26 83 39 79 13 34 7 27 18 24 91 7 25 58 75 58 58 8 88 94 96 42 25 40 6 91 12 79 40 40 80 10 20 29 26 82 93 2 86 62 42 54 43 50 42 47 38 49 95 72 4 74 96 
25 94 37 36 17 59 65 19 9 3 26 88 27 30 5 60 33 60 51 29 62 36 15 16 67 36 1 19 50 36 69 6 83 11 8 66 76 80 43 84 81 44 41 75 38 97 14 40 4 3 97 67 78 14 80 34 20 81 19 33 38 80 71 37 39 4 3 21 93 72 96 95 38 21 68 88 24 80 60 29 4 40 92 47 28 96 59 18 78 85 
26 44 38 15 91 2 74 49 13 50 64 67 46 81 3 78 81 38 52 47 16 27 88 44 67 41 87 17 9 34 41 96 94 62 23 38 30 73 4 14 54 17 26 40 75 53 18 2 31 10 93 11 97 91 98 76 56 31 32 33 23 95 64 52 13 75 11 84 49 18 58 72 92 80 15 41 42 89 96 85 66 2 61 25 59 19 40 23 38 16 
4 55 15 53 51 47 34 39 18 28 67 66 49 9 36 64 22 39 17 53 44 6 10 50 17 89 92 76 84 53 21 38 67 45 38 85 57 13 83 80 48 1 50 14 47 83 50 70 10 67 56 36 34 4 78 83 9 61 31 67 92 96 5 31 6 89 19 22 6 11 66 68 15 31 77 7 19 48 55 7 56 61 10 2 93 79 52 20 51 97 
67 42 54 54 78 63 92 84 97 4 48 15 68 10 17 91 15 93 90 96 60 53 41 62 91 49 10 25 22 34 28 11 93 50 61 60 47 58 96 66 55 24 50 92 15 91 36 80 23 42 39 17 79 4 93 40 51 3 82 28 12 95 91 19 14 9 91 54 91 77 86 1 18 47 46 90 27 79 27 69 10 63 19 18 43 2 84 11 54 61 
40 8 7 79 79 48 9 53 23 68 1 48 76 47 28 87 63 14 52 60 48 65 58 9 28 36 52 95 7 67 98 71 90 78 24 11 26 62 88 32 43 75 81 54 26 30 7 21 83 9 2 3 3 45 87 50 94 80 27 18 37 50 61 65 80 58 77 18 81 20 32 5 23 74 77 34 12 95 88 7 62 10 61 6 77 43 39 72 51 24 
34 78 28 85 54 14 4 90 95 45 3 40 32 45 68 28 92 41 20 40 80 53 58 71 94 83 90 5 7 39 70 63 15 91 24 20 35 32 57 14 27 82 84 35 34 92 92 34 41 29 5 68 92 7 97 3 43 30 74 45 95 74 97 20 98 67 63 2 15 18 51 61 16 10 36 27 79 82 74 83 30 25 47 81 53 51 27 62 23 69 
71 14 58 68 10 92 77 33 42 63 76 84 1 85 51 34 39 25 48 46 48 63 34 90 92 9 90 73 96 64 21 50 85 65 60 39 82 32 38 18 83 21 29 96 85 75 72 72 27 75 28 10 48 19 86 89 36 67 14 65 16 81 11 25 46 29 94 73 14 7 83 10 45 83 60 48 92 83 49 95 90 19 51 21 70 6 75 39 77 54 
23 53 98 77 21 24 61 69 80 53 2 67 80 23 18 61 2 32 56 76 74 84 21 26 95 93 53 87 44 12 15 15 22 90 5 13 46 85 38 83 45 53 20 44 61 90 33 93 24 65 39 98 85 73 65 82 75 87 60 67 47 71 35 52 32 77 65 88 55 90 37 3 14 9 48 89 58 60 59 60 30 66 14 84 54 3 17 77 70 52 
4 77 21 51 58 1 44 10 4 90 56 85 42 11 38 55 68 80 75 26 92 67 7 65 44 83 94 48 50 40 87 28 34 73 19 66 34 26 24 97 7 44 10 26 37 41 33 14 1 54 88 55 56 19 81 64 60 4 60 23 6 48 88 33 23 89 20 38 90 93 39 26 12 24 77 51 9 46 96 8 70 88 83 67 61 1 47 4 16 35 
68 53 7 31 2 79 96 83 43 71 47 11 72 8 43 89 51 63 69 98 67 55 71 36 71 14 46 11 50 18 63 48 97 37 46 28 18 55 16 88 69 85 15 67 82 54 21 7 12 52 70 15 26 71 68 95 88 2 30 70 53 80 77 6 57 85 49 77 25 8 24 21 30 25 11 6 80 71 15 46 19 47 33 90 74 34 51 40 3 48 
33 16 80 53 69 82 63 57 46 47 76 13 29 90 27 15 11 96 50 31 25 93 77 53 86 84 53 21 83 77 48 57 97 24 13 73 34 72 74 96 67 68 20 82 30 68 70 43 83 81 52 22 67 78 90 12 13 42 26 96 14 46 37 93 98 36 48 76 38 39 73 25 64 21 63 39 2 53 59 70 43 79 72 44 18 54 79 95 40 51 
70 3 29 26 39 79 28 62 22 41 11 18 11 13 71 20 93 8 17 35 21 51 56 88 30 92 47 63 63 91 90 44 62 11 20 91 95 57 80 70 34 51 64 69 48 66 58 83 68 35 91 96 22 86 90 15 91 17 88 14 30 96 94 45 51 81 91 98 82 56 11 46 26 25 77 43 27 25 89 59 76 25 76 11 56 10 43 4 30 1 
92 68 87 64 67 50 4 6 46 41 39 51 70 92 18 4 30 21 29 35 80 49 12 77 64 33 98 49 86 41 23 7 32 84 22 15 46 65 79 3 32 70 14 33 35 92 75 93 42 72 15 40 24 51 12 25 22 26 55 89 79 90 90 21 52 3 88 56 71 28 94 53 47 26 42 98 90 33 59 52 36 22 89 78 30 87 26 94 89 38 
60 35 41 72 91 89 69 11 67 13 56 56 41 26 59 18 36 26 4 75 68 64 90 58 97 83 64 93 12 8 51 51 29 33 79 77 22 6 14 96 44 52 34 34 94 13 86 80 60 35 41 3 68 46 7 23 80 28 1 22 88 16 7 84 83 85 8 96 68 26 47 32 89 36 13 35 5 76 71 25 41 44 45 29 38 90 66 30 69 4 
25 31 75 54 33 87 63 29 36 53 57 21 52 68 81 49 30 27 90 15 80 85 17 13 15 98 83 58 70 45 37 52 53 35 47 1 12 88 85 61 13 78 46 45 97 5 81 82 59 50 15 76 68 8 81 57 97 23 10 27 69 64 83 22 74 66 73 89 86 76 23 16 43 22 24 70 42 91 42 52 98 44 36 98 85 32 59 87 89 54 
44 72 77 72 47 30 67 85 11 11 2 80 29 42 37 28 38 52 20 50 63 72 31 25 13 47 61 57 50 86 3 59 34 43 68 6 27 88 56 92 13 60 86 73 85 85 20 39 36 2 10 56 8 86 47 24 79 20 60 51 77 74 39 91 16 65 12 55 94 68 81 71 63 93 42 57 28 21 59 74 75 12 90 5 96 66 76 90 74 54 
70 79 14 10 36 47 43 74 37 90 9 72 69 37 21 83 72 3 10 43 94 8 81 96 30 3 58 37 79 1 74 87 10 37 77 50 48 60 32 13 81 84 91 20 2 93 79 47 95 24 19 72 4 44 55 24 48 91 79 50 41 89 33 75 33 51 76 9 95 79 28 74 89 19 13 36 54 6 60 59 56 25 68 78 54 59 22 44 54 6 
78 36 24 13 4 52 68 88 22 10 29 88 78 32 10 67 52 29 36 84 34 96 95 27 35 43 82 54 67 93 73 21 75 15 35 11 95 81 23 79 23 28 48 18 79 83 63 20 46 37 63 42 83 29 50 50 64 51 57 98 42 75 68 60 15 91 23 74 8 12 19 39 29 79 69 5 18 23 68 38 54 95 73 16 96 45 26 74 54 97 
43 24 87 91 71 23 74 13 53 5 63 28 20 51 14 30 29 6 56 69 22 43 55 47 26 14 88 2 42 80 69 84 19 13 34 31 28 97 62 1 73 72 77 55 20 95 41 23 20 91 31 41 22 29 38 94 17 68 72 20 43 24 49 74 34 98 33 19 64 78 91 27 63 48 84 94 52 84 48 72 39 51 80 97 1 86 71 65 37 54 
49 76 70 4 71 28 43 59 4 35 30 74 31 17 39 82 78 57 51 40 81 54 62 25 84 27 61 62 20 19 63 33 52 26 38 90 96 45 3 11 81 62 17 27 93 31 3 10 90 32 37 15 28 80 79 83 45 65 75 35 57 21 75 21 70 72 55 57 94 57 41 2 1 44 77 65 94 42 12 94 23 69 16 47 18 26 7 2 74 11 
15 63 10 86 76 44 65 2 86 31 46 77 35 97 48 72 2 48 84 44 22 53 91 76 79 18 49 62 30 75 66 19 46 97 86 68 96 14 15 94 12 25 38 55 89 23 77 31 12 66 27 47 12 76 64 32 95 98 24 56 6 48 84 71 3 9 46 56 91 78 10 84 83 49 9 97 48 31 92 7 80 68 18 48 69 91 26 5 86 21 
7 76 80 37 64 87 69 12 39 26 66 24 80 8 69 30 60 8 15 80 6 37 66 77 78 19 53 70 37 17 30 85 17 36 36 82 21 54 86 25 80 54 74 73 13 92 62 31 36 28 12 22 36 89 98 23 52 78 81 61 96 52 63 78 50 57 24 45 47 53 36 26 15 59 84 77 87 91 39 45 7 62 65 60 97 95 33 58 76 7 
87 54 98 31 55 74 33 14 98 72 97 81 68 39 7 32 4 10 9 68 83 41 79 84 39 71 12 87 19 36 36 42 3 97 84 66 31 91 34 30 29 13 84 39 96 55 51 9 57 62 1 19 25 62 10 33 4 59 7 57 26 27 22 17 65 4 98 85 83 64 76 25 3 72 2 3 43 83 63 18 78 36 44 42 57 82 14 27 2 5 
54 62 66 8 95 74 50 43 59 46 25 11 58 41 36 46 84 41 62 98 28 70 80 3 63 20 26 24 81 77 94 82 2 22 61 67 17 85 80 40 40 74 36 27 6 44 94 84 36 17 19 58 76 59 10 14 2 94 59 98 96 50 94 94 27 64 52 47 55 40 2 71 54 17 38 5 18 61 29 91 95 43 96 6 27 69 15 3 42 7 
7 97 35 40 43 94 60 37 82 83 85 29 9 87 20 41 6 58 49 87 25 32 38 22 48 92 26 64 35 85 31 62 17 35 60 92 79 94 26 90 71 47 94 7 91 44 75 94 5 56 25 57 20 68 33 86 24 38 81 76 48 55 82 27 98 45 43 1 50 88 76 91 41 11 60 88 92 31 56 52 80 98 83 85 7 50 23 14 37 76 
92 11 41 94 93 51 13 90 88 16 66 36 16 11 42 77 53 37 96 50 68 51 54 6 60 51 98 36 18 58 65 1 67 50 13 70 70 81 74 5 92 47 50 87 24 73 24 25 83 23 3 40 13 27 29 30 60 62 57 25 97 73 41 75 22 12 68 11 42 55 32 64 67 16 93 80 2 53 87 21 37 37 68 8 64 82 49 3 17 5 
7 70 15 6 20 35 52 4 1 30 61 24 36 8 65 46 4 46 31 62 30 97 36 31 31 91 74 66 65 85 60 4 79 60 64 18 94 25 22 87 11 14 56 76 70 47 49 7 52 10 89 45 33 67 11 14 89 90 33 16 27 8 41 20 25 46 61 92 38 75 42 12 90 10 22 8 29 84 60 13 81 46 56 78 18 27 26 83 3 53 
35 61 32 67 57 54 19 66 38 69 84 37 58 12 71 27 74 62 82 70 84 31 86 52 3 76 83 77 64 44 17 97 70 36 60 65 72 32 93 76 30 97 72 36 10 30 66 21 59 56 10 89 76 77 8 58 58 5 6 35 62 18 34 50 50 45 38 63 1 71 22 65 24 74 92 62 91 88 64 19 2 36 74 9 79 22 68 43 89 68 
11 69 44 36 55 64 67 47 32 51 78 79 33 37 22 36 97 32 64 92 94 18 60 2 10 47 6 19 22 34 67 75 12 40 95 50 17 7 7 53 48 75 49 9 34 47 92 46 15 52 1 24 26 20 46 79 97 71 57 34 88 10 6 73 14 56 37 94 84 86 16 42 87 49 81 37 10 12 74 53 44 67 34 95 1 72 51 32 90 22 

2 7 4 6 6 5 8 9 7 1 1 5 2 8 7 7 6 9 9 6 9 6 2 7 6 7 6 3 8 6 4 7 9 2 6 5 1 1 3 8 2 8 3 2 6 9 1 4 9 9 8 4 6 7 5 4 4 9 8 7 7 9 4 2 8 1 4 5 6 8 2 9 1 7 4 8 6 4 9 9 3 8 7 6 8 7 5 7 1 6 
6 5 3 6 4 4 7 9 4 8 5 6 4 5 1 1 6 6 3 9 8 9 6 6 8 7 5 9 7 2 7 5 4 5 3 2 7 7 5 2 7 6 6 5 6 2 3 1 6 7 3 4 7 2 6 5 7 2 1 7 8 1 7 7 9 7 7 6 1 9 6 8 7 1 8 8 8 6 1 2 5 6 9 7 7 1 8 2 6 1 
2 1 7 8 9 7 6 3 8 9 1 8 4 5 5 8 9 9 7 1 9 3 6 8 5 4 9 5 8 1 3 3 6 9 2 2 5 5 2 3 1 3 4 5 6 2 5 8 1 8 2 3 3 3 1 9 3 7 4 5 6 6 5 3 9 5 9 8 2 8 5 7 9 9 1 5 5 3 8 5 9 6 2 8 2 7 2 3 8 9 
8 6 8 5 1 4 1 3 2 7 8 3 1 7 1 5 5 6 8 2 3 8 6 4 6 3 5 9 5 7 1 7 5 1 2 4 2 9 3 5 6 1 5 4 3 4 9 8 2 2 3 4 1 8 7 2 1 9 4 7 6 9 2 4 2 7 6 1 4 3 9 9 3 7 8 7 7 8 6 7 7 1 2 5 3 1 4 2 5 8 
6 2 7 1 8 7 5 9 9 2 5 5 3 9 8 1 4 8 1 2 8 1 6 4 2 6 6 2 3 7 3 4 5 1 2 9 2 2 3 9 9 1 8 3 9 5 8 8 9 3 5 1 4 8 7 8 9 3 4 8 1 3 9 4 4 8 7 5 3 4 8 1 7 3 7 4 9 3 2 8 2 7 8 7 9 4 3 9 3 6 
6 3 7 2 5 5 5 2 2 5 6 5 7 6 4 9 3 7 4 5 7 3 8 8 7 2 3 7 4 5 7 2 9 2 8 5 2 4 1 4 9 6 9 5 3 2 1 9 8 6 7 9 9 2 1 5 2 2 1 1 7 6 7 6 3 7 5 6 9 9 2 4 9 6 7 6 4 3 9 3 9 4 6 9 6 6 1 8 9 4 
1 1 8 2 7 9 5 1 8 4 5 4 4 2 3 1 8 7 1 8 2 8 9 8 6 7 3 5 6 9 3 9 3 4 3 5 2 3 9 1 8 4 3 4 8 9 3 7 8 7 6 4 6 2 8 3 3 5 4 4 1 8 4 4 6 8 3 2 9 1 1 3 7 4 1 7 2 9 4 3 2 7 6 2 2 6 1 1 1 7 
1 9 2 9 7 3 7 8 5 9 7 2 5 4 8 7 5 7 2 5 4 4 8 7 4 8 3 1 3 2 5 7 6 6 4 1 1 9 8 1 5 5 3 6 2 1 3 2 3 8 2 3 3 3 1 6 4 3 5 8 8 9 8 1 6 1 8 3 2 2 8 3 1 9 9 1 9 4 4 5 4 6 8 6 8 2 4 5 8 4 
7 7 7 7 1 4 8 5 6 7 4 8 6 2 1 8 6 2 7 1 2 8 8 2 3 7 9 7 7 3 3 3 4 7 7 4 4 2 7 8 8 4 6 3 2 6 6 5 1 3 3 6 8 6 2 6 7 1 7 7 7 1 2 2 3 7 8 5 2 5 3 2 2 8 3 4 8 4 5 2 9 8 6 9 4 6 3 7 2 2 
2 1 8 6 7 4 9 9 3 7 9 5 3 5 5 4 4 4 1 3 5 3 4 2 3 6 6 1 4 1 3 8 9 7 5 4 8 9 9 4 6 6 6 8 6 4 9 5 5 1 6 3 1 9 4 5 5 1 6 3 2 9 6 7 7 4 5 2 8 7 9 8 4 2 3 1 9 5 2 2 2 9 9 2 8 5 7 7 1 9 
5 9 6 3 2 7 3 3 5 8 6 9 8 4 6 2 9 8 8 2 7 9 7 3 4 1 8 1 9 1 7 8 2 2 4 9 2 8 7 3 8 6 3 4 2 9 4 5 7 5 8 7 8 2 7 7 6 4 2 3 4 9 1 9 3 7 3 1 2 7 3 6 9 6 4 3 1 3 6 4 1 5 2 1 6 9 9 9 4 5 
6 5 5 4 1 2 2 2 1 7 5 4 2 3 8 8 1 4 4 8 3 9 6 1 3 9 2 1 7 3 7 2 4 1 1 2 6 4 9 7 3 9 1 7 7 1 6 6 2 3 3 5 2 7 4 7 9 6 1 8 4 2 9 7 2 4 9 1 8 7 9 4 5 9 1 6 3 4 3 2 7 3 7 6 5 3 7 6 9 9 
5 7 9 9 5 7 3 1 6 7 3 2 9 8 1 1 2 3 2 9 4 2 6 6 8 3 5 3 1 9 6 8 6 4 4 6 3 7 2 7 1 8 2 9 3 3 5 1 4 3 8 9 4 5 5 5 5 3 8 5 9 1 2 8 5 7 7 6 3 1 6 6 3 3 9 9 3 4 4 8 8 5 4 8 4 4 9 9 7 5 
3 9 4 6 5 9 7 8 6 9 4 4 9 3 8 1 8 3 5 2 8 3 9 4 1 6 8 9 2 9 7 7 1 9 4 3 3 9 6 1 7 4 1 8 5 2 9 1 6 1 4 1 8 3 1 8 5 8 6 8 8 6 5 2 3 5 6 9 6 1 3 4 4 4 8 1 5 2 5 1 2 8 6 2 7 1 9 8 2 6 
8 2 1 4 6 9 3 6 7 4 9 3 4 2 9 2 1 3 4 9 9 4 1 5 2 4 3 7 2 2 5 9 1 4 6 1 9 8 6 9 8 3 9 8 9 2 7 4 4 2 8 7 2 5 3 3 7 9 9 5 1 4 7 9 3 2 9 9 5 4 6 8 5 6 8 5 7 7 8 6 2 3 5 5 7 4 5 5 6 1 
1 1 8 1 9 3 1 5 8 6 8 1 3 4 2 2 3 6 5 5 1 2 5 5 5 4 3 8 4 4 1 1 7 3 4 4 6 1 6 8 4 1 9 8 4 5 3 1 7 6 5 5 6 2 6 8 7 6 8 7 8 5 8 2 7 4 2 9 2 3 9 3 6 3 8 8 6 3 7 7 1 6 8 2 4 5 3 3 3 8 
3 9 4 2 8 9 5 8 1 9 6 3 9 9 4 1 1 7 3 9 8 6 5 8 9 8 8 1 6 8 6 9 1 4 7 5 1 1 5 2 4 2 3 3 5 8 7 2 7 9 1 1 7 8 8 8 3 1 1 1 8 4 7 8 5 2 6 5 1 3 4 1 9 3 8 1 4 8 3 1 2 6 2 5 8 6 6 8 9 5 
1 5 9 1 4 9 9 3 7 9 6 2 5 2 3 8 5 8 7 3 1 7 5 9 9 2 7 6 5 5 9 6 9 5 7 8 2 5 5 3 7 3 9 1 3 2 8 6 5 5 9 3 5 3 9 3 9 7 4 5 1 3 3 5 8 9 5 4 1 9 1 5 8 4 2 8 2 2 3 9 2 1 2 1 9 5 7 2 1 3 
4 8 2 3 3 1 8 5 9 1 7 3 7 1 9 9 2 2 2 9 8 2 3 1 2 8 6 1 1 9 5 8 4 9 2 1 2 7 2 6 8 8 1 9 3 7 6 8 9 9 5 2 1 6 5 8 7 3 8 8 3 4 7 5 5 8 2 3 3 9 2 3 2 1 9 5 7 7 9 7 4 7 9 2 7 4 4 8 9 3 
9 3 6 4 9 2 5 9 5 7 4 2 4 1 4 2 5 5 4 7 3 1 1 9 9 8 2 6 7 3 4 5 5 2 4 3 3 8 5 4 5 5 5 9 9 2 3 3 6 1 9 8 6 1 9 2 8 7 6 2 8 1 3 6 1 6 5 7 8 3 1 4 1 8 6 7 2 6 3 1 9 6 3 5 4 8 7 6 7 3 
1 5 9 9 2 4 4 2 2 8 8 8 8 9 3 7 8 2 7 8 9 2 1 8 1 9 5 5 7 8 5 7 8 6 3 7 3 3 9 9 2 9 6 1 5 2 9 4 9 3 6 6 7 3 8 6 5 6 5 3 7 5 7 5 4 7 7 5 6 5 8 8 5 9 4 5 6 1 6 7 9 3 2 2 1 4 8 7 2 4 
8 2 4 7 2 5 5 5 1 9 9 1 2 7 8 6 8 4 9 8 5 4 9 8 5 7 1 1 4 2 6 5 1 9 8 9 3 7 1 7 5 2 8 8 9 3 4 4 7 2 7 5 6 7 9 6 9 4 9 9 5 6 5 2 9 1 7 8 6 3 2 4 4 7 5 3 2 1 3 1 5 4 1 5 5 9 1 9 2 7 
4 2 9 5 8 7 5 8 7 1 2 6 1 9 4 8 1 3 4 2 8 9 5 7 6 7 8 6 9 4 5 3 1 9 5 1 4 3 7 7 4 2 8 3 3 7 7 4 9 1 9 7 8 9 6 4 3 6 7 2 7 1 5 4 7 9 8 2 3 8 4 1 2 8 4 9 7 5 9 4 6 2 5 1 9 8 5 7 2 9 
5 3 3 9 4 7 4 9 7 9 9 4 8 8 4 8 5 8 2 2 5 1 6 3 8 5 7 7 7 3 2 4 4 7 2 8 7 6 7 6 9 3 5 3 5 3 3 2 8 2 1 7 7 3 6 4 8 2 4 5 2 8 6 8 9 6 5 7 2 5 4 1 4 8 7 6 2 1 7 8 5 9 4 2 1 9 5 9 7 9 
2 7 5 8 6 7 5 3 2 6 3 8 4 7 8 3 8 3 1 1 2 4 8 5 6 7 6 6 6 6 9 4 7 2 4 2 3 4 9 6 8 5 1 9 2 6 6 6 7 8 6 3 3 6 4 6 4 7 8 5 5 8 2 4 2 2 3 7 9 2 3 9 5 1 9 6 8 8 9 2 8 5 4 9 2 8 9 2 8 1 
8 7 3 5 8 4 7 4 1 1 4 8 5 3 9 9 9 2 6 3 7 2 5 1 1 3 4 9 6 7 2 4 1 2 6 3 1 3 8 7 9 1 7 8 5 3 4 8 4 1 6 6 1 3 8 5 1 2 6 1 2 9 5 8 9 1 6 3 4 1 3 6 5 5 4 3 3 3 8 6 7 7 3 6 6 3 4 7 6 6 
6 2 1 4 2 1 6 5 2 8 1 5 7 8 8 9 2 7 8 5 5 1 1 2 4 7 7 9 3 3 5 4 1 3 6 1 6 6 1 2 5 7 5 3 8 3 7 3 6 8 5 2 5 7 8 1 9 5 9 6 2 7 7 3 3 5 5 6 6 8 4 9 2 9 3 1 1 6 6 2 4 1 1 2 5 5 8 1 9 4 
5 3 8 4 4 5 1 8 2 7 1 6 1 7 6 2 4 3 3 7 9 1 1 5 3 8 4 7 4 6 2 2 8 5 7 3 7 9 6 6 1 3 1 2 5 7 1 4 7 8 6 3 7 4 8 2 7 2 5 7 5 4 2 1 6 9 3 2 9 4 8 6 6 7 9 5 6 9 9 2 5 1 4 1 9 2 7 9 8 8 
3 5 7 6 4 6 7 5 4 2 9 5 8 9 2 3 1 7 5 5 3 2 2 5 6 7 7 3 3 6 9 8 2 1 8 2 3 8 2 1 5 2 3 4 4 5 4 2 6 5 8 8 6 3 9 4 2 9 2 5 6 2 2 2 9 1 4 7 8 6 7 7 6 5 3 5 3 9 3 9 7 7 7 3 9 2 2 6 9 8 
4 9 2 9 3 7 5 4 2 1 2 5 8 3 4 3 9 7 1 5 2 8 2 8 4 3 8 8 6 9 9 3 8 3 4 8 9 7 9 7 1 7 3 9 5 9 7 2 7 7 2 1 8 4 4 9 9 1 3 7 5 9 9 1 6 5 6 9 8 6 7 6 3 6 4 2 1 2 7 1 7 9 3 9 5 6 1 6 4 5 
5 1 4 5 1 4 4 5 5 1 8 8 4 4 8 5 2 7 4 7 2 9 4 3 1 3 9 5 1 2 7 8 6 3 1 7 6 4 1 4 8 1 7 3 2 2 2 9 2 7 4 7 6 6 3 9 4 2 6 7 3 3 9 5 1 8 4 1 4 6 6 8 7 5 2 2 2 2 2 3 4 1 7 9 2 2 7 9 3 4 
7 5 2 4 7 1 5 5 2 7 8 3 1 5 1 6 4 2 6 2 9 3 5 6 4 5 8 7 3 6 2 5 6 7 9 5 5 1 9 2 6 2 3 5 9 2 9 4 4 5 3 3 2 1 2 4 3 7 3 2 6 1 9 6 8 3 8 1 7 4 8 1 8 9 4 3 6 9 2 1 4 4 2 3 3 3 9 5 9 9 
9 8 4 8 2 6 3 1 2 6 4 1 7 4 9 6 7 4 1 7 5 6 2 3 3 8 4 1 2 2 1 2 4 8 9 1 7 7 1 1 5 1 8 9 3 3 6 9 4 2 4 6 2 7 8 2 3 9 2 5 5 9 2 6 5 4 6 2 5 8 7 4 6 1 8 7 9 8 6 9 8 2 4 2 5 1 6 2 7 3 
5 4 4 3 1 4 4 3 6 2 9 4 9 6 1 7 5 9 9 3 8 4 8 3 9 7 7 9 8 2 2 3 2 9 5 7 2 5 3 3 5 4 8 4 1 7 7 6 8 9 9 5 8 1 2 7 1 9 1 9 7 6 1 6 2 3 5 9 9 6 9 3 2 6 8 8 2 4 6 7 9 9 5 3 6 1 1 6 4 2 
7 7 1 7 9 2 7 6 8 5 1 6 5 6 7 2 8 7 1 5 2 1 7 1 4 9 8 8 3 2 6 3 6 3 1 4 4 9 1 6 9 3 9 4 6 2 9 3 6 3 7 9 5 6 5 7 7 9 3 9 6 5 4 9 2 4 9 5 5 3 7 9 4 6 8 1 7 7 4 2 6 1 1 3 8 7 2 9 7 2 
4 3 2 5 7 6 1 1 5 6 6 7 9 4 5 4 2 9 4 1 1 7 1 2 8 6 9 4 3 6 1 5 9 4 7 4 9 8 7 2 4 9 2 5 5 6 6 3 4 2 3 6 3 5 4 2 3 4 3 4 2 5 8 3 4 3 3 8 3 4 4 3 1 4 4 7 8 2 9 8 9 6 1 8 2 4 2 9 9 3 
2 3 4 8 3 3 8 4 1 8 8 6 8 2 5 8 5 5 6 3 2 6 6 9 6 9 9 3 5 3 6 8 3 8 8 5 1 5 2 4 5 8 2 2 7 5 4 4 1 7 7 2 5 4 8 1 6 1 6 1 4 8 4 3 5 2 1 5 2 4 6 7 7 8 5 7 6 9 9 6 3 7 9 2 6 1 1 6 2 9 
3 1 7 6 7 7 9 3 6 7 2 1 3 1 6 6 9 2 5 4 1 8 9 6 6 5 7 9 2 4 6 5 4 5 6 3 1 7 5 5 7 1 6 9 5 7 1 5 9 8 2 8 8 6 6 2 8 8 3 9 7 4 8 7 9 3 8 6 3 9 2 7 1 8 9 4 5 4 5 7 7 5 8 8 1 4 7 4 3 8 
7 4 5 2 6 7 3 5 3 2 2 9 9 3 7 6 4 9 1 1 9 4 3 2 1 3 7 6 2 2 5 2 8 9 7 3 1 4 8 5 1 6 3 7 1 1 9 8 6 9 1 4 1 9 6 5 3 5 2 4 2 2 8 4 3 6 2 1 4 2 9 6 3 6 1 2 5 8 3 6 5 9 3 7 6 2 4 1 3 9 
9 9 3 4 9 2 9 7 6 6 5 1 4 6 4 4 6 3 8 5 7 1 4 9 5 3 2 7 1 7 9 4 2 2 9 6 9 7 8 5 1 7 2 2 9 6 6 4 3 5 7 1 2 8 2 6 9 8 7 2 8 1 1 1 6 2 8 6 2 6 3 5 8 8 9 9 6 7 9 3 2 9 1 7 6 5 2 4 4 4 
3 6 4 4 4 5 7 9 8 8 4 8 2 7 8 9 9 2 1 4 3 4 7 6 6 1 7 5 7 1 7 5 9 1 2 8 9 8 9 2 6 2 3 9 5 5 4 1 8 4 5 8 8 1 8 2 5 1 5 2 5 3 3 3 1 3 5 6 6 7 3 2 1 6 9 1 1 5 5 8 5 6 7 5 2 7 7 5 2 7 
4 8 5 5 6 4 3 7 6 7 1 8 2 8 4 5 3 3 6 9 8 5 9 4 8 2 1 9 5 4 1 3 4 6 2 1 8 1 9 4 4 7 4 9 7 4 5 4 9 2 3 2 3 5 6 1 1 7 8 1 3 6 6 4 4 5 2 5 4 4 9 9 2 6 5 7 1 7 4 6 6 2 1 2 3 2 2 2 9 4 
6 6 9 2 6 1 3 2 5 2 6 6 3 1 5 7 9 9 3 4 6 2 3 3 5 5 6 8 8 3 9 8 6 2 2 3 3 8 1 7 5 9 4 5 6 4 6 6 3 3 2 8 9 4 6 2 5 2 9 1 6 2 9 6 1 7 8 3 8 2 3 3 4 1 3 3 1 3 2 9 4 5 9 2 4 4 5 7 6 5 
3 1 9 3 5 1 3 2 6 1 9 9 3 6 2 3 2 3 9 6 7 2 1 2 6 2 9 6 4 3 8 7 3 6 7 3 7 2 2 5 7 1 1 7 6 9 3 9 7 8 7 7 9 1 5 6 9 9 5 7 7 2 7 6 5 1 7 2 6 7 1 2 7 4 7 7 5 8 4 5 8 2 2 6 9 6 7 5 2 7 
3 6 2 5 7 4 5 6 6 5 4 7 4 9 2 7 5 6 2 5 2 2 8 9 2 6 9 7 2 1 6 6 8 9 9 1 7 8 8 5 5 5 3 6 8 3 6 6 2 7 7 5 1 1 6 3 2 3 3 2 6 6 1 6 9 1 8 3 8 2 2 1 2 9 8 9 3 1 3 7 4 9 5 5 2 6 7 6 2 7 
4 4 7 3 6 6 6 4 3 3 3 8 9 5 2 1 7 7 5 5 8 2 5 2 6 4 4 2 6 3 5 7 8 6 2 1 8 7 3 6 5 7 5 1 5 6 9 7 8 4 8 9 5 4 4 7 6 9 1 1 9 4 8 6 9 3 7 4 6 5 9 2 6 1 6 9 9 2 2 7 2 5 4 5 9 2 1 3 3 6 
7 9 7 2 9 6 4 5 2 7 6 5 6 2 5 9 7 9 9 2 8 7 9 8 9 9 8 8 1 9 1 5 6 2 5 1 6 4 3 2 1 3 1 8 2 5 2 6 7 1 4 3 1 6 4 2 6 5 1 1 6 9 5 9 7 5 7 7 2 4 2 4 5 3 7 2 4 6 8 7 5 9 9 3 9 7 7 9 6 2 
2 6 4 4 4 7 7 7 1 1 8 7 1 3 3 9 9 1 1 3 6 5 2 4 8 6 3 4 4 9 3 1 6 1 2 8 7 7 9 4 8 7 1 1 5 7 6 1 4 1 6 5 9 6 4 9 4 8 7 7 9 7 1 4 8 1 3 1 6 9 6 5 8 7 1 2 2 3 2 4 5 9 6 8 2 7 6 1 9 2 
3 8 9 3 1 8 7 9 3 3 6 8 6 3 6 2 9 6 5 9 9 4 7 6 6 8 6 4 9 5 4 5 1 1 5 5 2 5 3 7 1 1 1 8 1 9 4 8 9 5 3 4 8 7 6 4 9 8 7 8 2 7 9 7 2 5 8 5 7 3 1 1 9 8 3 6 5 2 5 7 7 4 2 3 7 2 6 3 2 1 
1 7 4 9 6 4 9 7 4 7 8 8 7 9 4 9 4 3 8 8 1 7 2 2 6 6 4 4 4 2 5 4 4 9 1 4 6 9 5 2 2 2 1 7 6 9 6 7 5 3 5 3 5 3 5 4 9 3 7 4 5 8 2 6 8 3 1 6 9 6 6 4 4 4 1 9 3 5 5 1 9 9 9 2 9 5 1 1 5 9 
9 1 3 9 5 2 9 3 3 6 9 2 7 6 1 2 3 8 6 3 9 2 1 3 8 2 9 6 5 7 5 5 9 7 3 1 7 4 7 8 2 8 7 5 1 1 8 3 9 9 7 2 7 6 3 7 5 1 5 7 8 7 1 6 9 9 4 1 5 5 3 5 3 5 9 2 3 4 9 6 8 4 7 6 5 2 9 3 6 4 
8 3 6 4 7 1 5 1 3 9 8 5 3 5 9 9 1 5 5 6 7 7 3 4 1 6 3 8 6 8 3 2 3 1 4 2 3 2 2 9 5 4 2 2 2 4 5 8 8 6 6 2 2 9 4 3 3 8 4 7 1 4 7 4 8 4 9 8 3 3 7 1 8 6 2 6 8 6 5 3 8 8 3 9 8 1 2 8 5 2 
6 8 9 8 4 2 1 4 4 2 3 8 8 3 4 8 3 6 3 1 5 4 7 5 6 2 4 4 9 2 3 4 1 8 9 9 7 7 9 2 4 9 3 3 9 9 4 5 7 5 9 9 8 6 4 5 9 2 7 4 2 9 7 3 3 7 8 2 1 5 6 2 9 5 5 1 1 5 1 5 6 4 5 5 7 1 6 8 1 2 
1 1 9 9 1 1 3 9 4 7 8 3 9 4 5 4 3 6 7 5 8 2 5 6 1 9 8 4 7 5 9 1 2 5 3 4 2 2 4 4 7 4 1 6 1 2 4 8 7 7 6 1 1 4 7 7 7 1 1 8 7 8 9 3 2 7 6 5 9 6 3 7 7 8 7 8 2 6 5 5 2 6 5 1 5 6 3 3 5 1 
1 8 2 2 9 2 8 3 4 5 2 5 7 9 5 2 5 2 7 6 5 1 2 3 9 8 1 3 7 8 1 2 9 3 3 6 2 5 1 5 9 7 7 9 9 5 2 8 4 4 9 3 9 9 8 6 7 2 8 8 7 9 6 5 5 2 5 4 3 9 9 9 7 7 5 8 5 4 2 4 3 1 4 3 5 1 5 5 2 8 
2 8 2 4 8 9 1 6 1 8 7 8 3 1 7 9 2 8 7 9 2 2 3 6 3 6 2 5 7 7 7 7 3 6 4 6 2 3 6 5 7 1 8 3 8 3 2 1 1 7 3 3 8 3 9 8 6 2 3 5 1 8 8 4 1 5 9 3 8 9 6 5 2 5 2 6 2 8 1 5 6 9 5 3 8 7 3 3 5 8 
6 4 3 6 2 3 7 5 6 1 3 5 1 9 8 7 8 8 7 4 9 8 4 3 8 7 1 2 6 7 4 7 9 7 5 3 2 2 9 2 1 7 6 6 6 1 9 8 6 6 3 4 3 5 2 6 7 3 7 7 8 9 2 9 6 1 4 3 6 3 5 9 2 7 4 9 3 5 6 1 8 6 1 1 7 8 2 5 3 6 
2 2 9 6 4 9 9 6 9 7 8 6 3 8 3 3 2 6 6 1 6 4 8 7 8 9 9 8 4 3 7 1 3 4 5 1 4 3 8 6 7 3 7 8 7 5 7 7 2 6 8 7 1 2 2 5 6 6 4 4 6 5 7 7 7 9 3 3 2 3 8 8 6 2 1 9 7 6 1 4 4 9 8 9 4 8 4 8 8 7 
8 6 4 1 2 4 9 2 9 3 5 4 9 5 6 5 9 7 4 4 6 7 8 5 7 1 3 3 6 3 6 3 6 7 7 5 9 6 6 9 5 9 8 4 2 8 9 7 6 8 7 4 1 5 4 5 8 3 6 1 2 3 6 1 1 2 6 3 3 6 5 9 9 7 9 5 2 7 9 2 8 6 8 7 6 3 9 9 7 3 
6 5 2 4 6 8 6 8 1 5 5 4 7 1 1 2 2 4 9 2 2 7 9 9 2 7 3 8 7 6 1 8 8 9 7 5 2 3 8 5 7 8 5 5 5 5 7 6 2 1 8 7 7 6 2 4 2 2 5 5 6 8 4 8 9 2 7 9 3 6 4 2 1 9 2 7 8 5 5 9 3 9 1 6 4 9 2 7 2 4 
4 8 5 4 9 8 1 5 7 1 5 8 9 1 5 7 9 4 7 7 5 6 4 9 5 3 3 6 5 3 6 3 4 8 8 2 5 2 3 7 8 9 5 8 6 5 7 4 1 4 3 3 8 7 6 9 8 1 7 2 4 3 8 7 6 5 4 9 3 2 4 7 9 3 6 9 8 8 2 5 9 5 5 4 3 9 3 6 3 6 
7 8 9 2 1 2 8 6 3 9 9 2 3 8 1 1 9 1 2 3 4 1 8 7 8 3 1 5 5 8 1 3 6 8 5 8 1 5 2 6 2 4 7 2 5 9 2 3 3 2 8 3 8 9 9 4 9 6 5 1 2 9 5 6 9 8 3 8 6 5 4 6 8 9 5 9 6 8 7 9 3 5 8 9 9 1 8 2 7 9 
7 3 5 1 3 8 7 7 3 6 4 4 5 3 2 4 3 8 8 1 9 1 2 1 6 4 7 1 1 7 7 2 7 2 6 8 9 2 6 6 6 1 6 5 8 6 1 4 7 4 2 4 2 9 7 5 8 2 5 8 3 4 5 9 7 6 7 4 7 9 5 5 8 8 9 1 4 3 6 8 3 4 9 4 4 8 7 6 5 8 
3 1 8 8 9 9 2 3 1 4 8 7 1 5 9 1 7 2 2 1 2 5 2 9 8 1 8 7 6 7 7 9 9 2 4 7 7 7 1 9 2 1 4 5 6 1 7 2 4 5 7 1 2 4 7 8 3 4 1 4 3 3 1 3 5 1 5 8 8 2 8 1 3 6 7 6 1 5 5 2 4 3 9 8 6 4 6 9 2 3 
7 1 5 8 6 6 9 6 2 2 4 3 5 4 3 5 9 2 4 3 5 1 6 1 9 9 8 7 9 9 9 3 7 7 9 7 1 9 3 5 1 1 4 9 5 5 5 4 4 1 6 2 6 6 7 4 2 2 2 5 3 6 8 3 3 3 1 4 9 3 9 2 5 5 9 7 3 6 3 9 6 7 1 8 4 4 8 1 8 3 
1 7 7 4 2 5 3 5 1 3 4 7 7 6 3 2 3 4 6 9 4 1 7 1 7 4 7 1 9 9 1 5 9 6 6 8 4 8 1 2 8 5 1 3 6 7 9 4 4 8 5 7 2 5 6 4 3 8 4 4 4 8 3 9 9 9 4 1 6 4 9 5 8 7 7 1 2 7 4 1 8 3 7 7 4 8 9 3 7 8 
1 8 5 3 4 6 1 4 2 5 8 8 9 2 8 1 7 3 9 8 2 4 8 6 7 4 1 5 9 9 8 8 4 2 2 7 7 9 3 5 7 1 7 9 9 2 3 8 7 7 4 9 2 8 2 9 5 7 8 6 6 1 2 5 7 3 9 3 3 2 8 6 4 2 9 3 6 8 3 3 6 3 8 8 7 3 3 7 7 3 
4 1 5 9 1 4 6 8 7 7 1 9 4 1 5 2 5 4 7 8 8 6 4 7 2 6 3 9 8 3 9 1 3 9 9 8 1 9 5 3 4 4 2 4 5 9 7 5 1 7 4 9 8 1 6 2 2 9 9 7 8 6 4 6 5 8 5 1 2 7 1 2 7 7 7 3 2 6 8 4 8 1 6 3 5 8 2 2 8 7 
7 3 5 1 5 5 1 4 9 5 2 4 3 4 3 1 9 1 9 8 3 5 3 7 9 3 3 3 9 3 4 8 2 7 3 1 6 4 8 4 3 5 1 3 7 9 6 1 3 6 6 6 6 4 8 5 4 9 5 7 3 4 8 1 2 1 2 2 3 8 4 7 8 1 1 5 3 5 4 5 8 6 5 6 8 8 8 3 6 5 
2 3 9 2 1 7 5 7 3 1 6 9 1 1 5 1 5 6 1 6 4 2 3 1 9 8 2 9 9 2 1 5 9 8 9 9 7 6 7 8 2 8 9 6 7 3 9 4 7 8 7 7 4 6 2 8 4 5 8 4 6 3 9 3 7 4 1 6 6 9 5 8 7 3 2 6 5 1 2 1 3 2 2 8 1 4 5 2 7 7 
6 4 9 3 6 8 4 9 6 8 2 4 2 9 8 8 9 8 4 9 7 6 5 5 9 8 9 3 8 7 1 5 7 4 9 5 7 6 3 2 2 9 5 7 3 3 8 1 9 3 1 8 7 1 1 7 3 5 8 6 5 8 4 9 1 7 6 2 6 5 4 6 1 7 5 8 9 8 7 1 4 3 8 8 9 2 7 2 9 1 
4 4 7 1 6 3 5 1 2 7 3 3 1 8 5 5 6 1 4 4 7 3 7 4 3 9 1 2 9 7 9 6 7 3 1 3 5 2 2 7 3 3 7 1 5 1 8 7 2 9 8 8 4 6 3 4 6 6 6 6 4 5 4 7 7 8 6 8 7 9 9 1 5 2 8 7 3 9 6 2 8 6 6 6 4 3 2 5 8 1 
4 1 2 7 1 4 7 7 6 9 6 1 8 7 7 8 4 9 2 9 9 3 3 8 5 4 9 6 4 9 6 9 8 4 8 4 3 8 5 1 8 5 2 6 8 3 8 9 7 7 7 7 6 5 8 4 1 6 3 1 8 5 8 4 1 6 8 1 4 3 7 4 2 8 9 9 6 2 5 4 9 3 9 1 5 4 2 1 2 3 
7 4 1 4 9 2 8 4 4 4 9 5 6 7 2 9 4 6 9 3 3 4 4 1 8 2 8 4 2 3 1 9 8 9 9 3 5 2 1 1 3 2 5 4 8 1 1 6 1 6 9 9 6 7 7 1 7 6 3 8 7 2 4 2 8 4 3 5 3 7 9 6 7 7 1 4 6 8 7 1 5 1 3 9 5 2 1 5 7 8 
5 8 3 2 2 6 9 4 8 1 2 3 9 2 3 3 4 5 6 7 5 3 8 3 6 8 6 8 9 1 3 2 6 8 9 1 8 9 1 1 6 8 7 5 4 1 6 1 3 1 8 6 5 9 7 9 3 1 5 7 6 5 6 8 3 6 9 5 8 1 7 1 1 5 1 1 6 6 6 7 9 4 3 4 3 9 7 6 7 5 
2 7 3 9 6 5 2 3 1 8 3 5 3 5 6 1 2 9 9 6 8 2 1 9 1 7 6 4 2 6 1 2 5 3 8 2 5 9 5 4 6 4 1 3 9 7 7 4 6 5 6 1 8 7 9 1 9 5 8 4 8 3 2 8 9 8 5 1 5 4 7 7 4 9 3 2 5 8 5 9 3 1 8 2 4 2 5 5 1 9 
5 4 5 9 5 1 3 9 8 1 5 2 7 6 4 1 9 8 9 9 7 1 5 9 6 2 3 3 3 9 9 6 8 1 8 5 9 3 9 9 2 2 9 2 1 9 3 9 6 9 6 6 7 8 9 5 8 5 8 8 8 6 1 4 4 6 4 8 6 6 4 2 7 6 6 1 4 1 7 8 4 7 1 9 2 9 7 1 4 8 
4 9 3 9 8 9 4 4 6 2 6 1 8 3 8 3 6 3 1 3 6 3 3 5 3 6 5 2 3 4 5 1 8 9 9 2 4 5 7 2 4 7 1 9 8 6 5 7 9 5 9 7 3 8 9 4 2 8 6 7 4 8 2 9 2 9 7 9 7 2 5 2 4 2 3 5 3 5 1 4 5 1 2 8 9 9 5 9 8 5 
5 2 7 8 1 6 5 7 7 7 7 7 3 7 2 1 7 6 5 8 3 8 8 5 3 9 9 6 6 8 2 7 9 7 9 8 5 1 6 9 4 6 5 4 2 6 9 4 8 1 5 3 8 7 5 6 1 6 8 9 2 7 1 3 4 5 1 2 6 1 5 3 6 1 5 3 4 7 4 5 7 8 5 6 9 7 1 9 4 5 
9 4 4 1 9 2 8 5 2 5 4 6 1 8 5 8 1 4 3 8 7 9 7 9 3 8 6 1 6 8 9 5 3 7 3 1 7 2 3 2 7 1 3 2 9 6 9 9 1 2 2 8 2 2 4 1 2 1 1 1 6 7 5 1 8 9 4 1 2 9 3 4 1 8 8 3 1 4 8 8 1 6 8 2 7 5 5 5 7 8 
3 3 2 6 4 1 3 5 8 1 6 4 3 5 9 8 8 1 2 4 1 9 2 3 6 8 2 3 3 5 9 8 1 7 2 6 5 6 8 9 8 7 7 4 7 1 7 4 3 9 7 9 2 5 7 6 4 3 9 4 3 5 1 2 7 8 2 6 6 4 2 1 1 1 7 1 4 8 3 7 9 7 3 6 2 3 7 8 4 2 
2 2 3 7 5 6 2 5 1 1 5 5 5 2 6 4 7 6 4 1 6 3 1 6 3 9 7 2 1 9 9 4 4 5 3 1 5 8 9 2 3 8 6 1 3 7 1 5 5 4 4 7 1 5 2 1 6 4 4 7 7 3 6 4 3 7 4 2 2 7 6 4 5 2 6 9 3 2 3 6 1 8 6 8 5 8 8 9 7 8 
4 8 3 7 8 4 2 8 9 1 3 4 3 9 7 6 8 5 2 2 8 6 8 5 3 1 1 7 2 8 6 2 6 7 3 6 7 8 4 3 1 2 6 3 3 9 9 5 2 1 3 2 4 8 3 3 5 9 9 4 7 3 1 4 4 4 7 3 2 3 1 5 3 9 6 7 8 2 4 5 6 9 8 5 6 9 5 1 3 7 
4 3 3 3 7 7 6 7 7 8 5 3 5 6 2 1 5 7 7 6 3 1 8 9 8 2 5 9 2 4 7 6 4 1 5 5 2 3 4 4 5 4 2 6 4 7 2 4 6 1 8 6 7 4 8 5 3 6 3 1 6 3 3 4 8 7 3 6 9 2 9 7 9 3 4 7 3 3 6 8 8 2 5 7 7 3 2 9 1 7 
9 2 6 3 2 8 7 1 6 5 1 4 3 6 4 4 9 2 2 6 9 3 3 7 3 1 8 2 9 1 2 5 4 9 4 6 2 6 4 6 5 8 7 1 2 3 3 9 8 1 9 4 4 7 1 3 1 7 1 1 9 1 9 3 5 4 6 4 1 5 3 3 7 7 2 3 7 8 5 9 4 9 4 7 1 5 8 3 4 1 
9 4 7 3 9 2 3 2 1 4 5 6 5 7 5 4 6 2 4 3 3 4 2 1 3 1 7 6 5 8 8 2 6 7 7 3 1 3 5 4 4 1 2 5 4 2 7 9 9 6 7 2 5 4 5 9 5 8 1 5 1 1 5 2 3 3 5 5 8 9 8 5 9 8 3 4 9 1 7 8 3 5 2 6 5 1 5 8 6 2 
9 7 2 9 8 9 7 1 3 9 1 2 6 2 2 9 6 7 2 3 4 3 2 8 6 6 4 8 7 8 7 8 6 7 9 9 6 3 2 9 2 4 1 1 9 2 4 7 3 4 6 4 6 9 7 4 7 1 8 8 5 6 9 7 4 7 1 9 7 1 9 4 4 4 7 1 4 1 1 2 2 1 5 1 7 9 3 4 3 8 
7 8 4 3 9 3 4 7 3 4 5 7 8 7 1 7 8 7 3 7 5 3 3 8 9 6 9 3 4 2 8 8 2 2 3 3 9 7 3 4 7 3 3 4 6 9 9 4 1 3 6 8 9 5 4 8 8 4 3 3 7 5 6 5 1 9 2 7 7 2 3 3 1 9 8 9 1 3 2 9 4 5 5 6 1 2 6 1 4 1 
2 2 3 9 1 9 3 7 4 6 9 8 5 9 7 7 5 9 4 3 5 3 6 4 6 7 1 8 4 8 4 9 3 4 9 3 4 9 4 8 8 2 6 6 9 5 5 4 4 4 3 2 7 4 1 5 9 2 5 6 8 9 9 1 3 6 7 6 5 9 5 3 8 8 2 2 8 9 1 2 3 7 3 1 7 9 9 1 8 4 
8 6 9 7 8 7 6 8 5 6 4 2 9 8 9 7 6 4 6 1 4 2 9 8 9 2 1 1 5 7 2 8 4 1 2 7 1 3 8 1 3 7 7 2 1 6 5 9 9 9 5 8 8 5 6 8 7 6 8 7 7 4 3 3 8 2 2 5 7 3 4 5 6 1 4 6 5 4 8 8 6 2 9 3 1 1 2 7 7 5 
3 8 7 5 9 7 8 2 8 5 9 4 3 1 9 9 4 5 2 8 9 8 5 3 6 1 7 3 9 7 1 2 6 3 7 4 4 6 1 8 5 5 6 6 3 1 1 3 8 4 6 7 8 5 9 2 2 9 6 4 9 5 4 7 4 7 6 2 8 7 2 1 6 1 6 9 5 4 6 3 9 9 5 5 6 1 8 3 8 2 
8 9 3 4 5 2 3 3 6 6 8 4 7 3 8 4 1 2 5 5 1 3 9 6 6 9 8 8 4 8 3 2 5 4 5 4 5 2 6 3 4 1 4 8 8 9 4 2 9 4 4 8 7 2 2 3 9 4 1 1 5 9 7 7 5 3 5 4 2 4 2 5 1 1 9 5 2 6 7 2 1 3 6 5 8 5 6 4 2 2 
7 7 7 2 8 2 9 4 7 5 5 1 8 8 2 4 5 1 2 3 8 3 9 3 3 7 9 2 4 7 4 9 2 2 2 9 2 3 4 6 4 8 1 1 5 1 5 8 6 9 7 7 5 5 6 9 4 1 2 9 1 6 4 7 3 9 1 5 2 2 4 1 1 2 6 4 5 6 4 7 1 4 1 8 8 8 4 5 2 5 
9 4 6 4 4 4 4 6 5 4 2 3 2 2 4 8 3 1 8 7 3 7 2 3 8 8 8 2 6 6 5 3 9 2 2 7 1 3 9 8 5 2 1 1 2 2 4 9 5 5 2 5 6 7 4 5 6 9 6 2 4 9 7 5 6 9 5 2 3 9 9 7 5 7 4 9 8 2 5 1 1 3 2 1 3 1 6 2 6 8 
5 3 4 6 6 3 6 1 4 9 1 9 6 7 7 4 3 9 8 4 4 6 9 9 7 4 8 5 6 2 9 1 2 4 3 8 5 7 8 6 9 6 5 2 8 5 4 3 7 7 8 4 7 7 1 3 1 6 6 7 5 3 1 5 5 5 6 4 3 5 6 3 2 8 5 5 2 3 8 2 3 1 5 9 5 6 1 2 1 6 
3 2 4 1 8 1 4 1 5 9 8 9 2 9 2 4 8 6 9 3 6 1 8 9 5 7 8 9 4 5 6 4 9 1 7 6 3 6 7 8 6 6 1 3 7 2 6 9 2 8 6 2 5 9 9 7 4 2 1 4 6 4 9 8 5 4 6 8 3 4 6 5 3 6 1 4 1 5 7 2 4 7 1 3 2 8 7 7 2 6 
3 8 4 5 9 2 6 9 4 4 7 3 8 5 9 6 3 2 4 1 1 7 6 9 6 3 4 3 7 6 9 2 2 7 8 8 3 8 1 6 4 2 8 2 1 9 3 1 2 6 1 1 3 6 9 8 3 7 9 8 2 4 6 7 9 5 3 3 7 4 3 7 3 2 8 1 1 7 1 7 7 1 3 4 4 3 7 4 8 3 
1 6 6 4 3 9 2 1 9 1 9 4 2 6 7 4 5 8 5 1 9 2 8 8 3 7 6 9 7 5 3 7 2 8 6 2 7 8 3 6 3 4 1 4 6 9 2 5 2 5 6 9 6 8 6 9 1 3 6 6 9 9 4 6 2 5 9 6 5 5 1 5 2 4 5 4 6 5 6 1 3 1 7 5 4 9 5 8 9 7 
4 7 8 1 2 5 8 8 3 8 9 9 5 2 7 5 9 1 3 7 3 5 6 7 1 7 3 8 1 8 1 9 5 1 5 7 4 1 3 8 1 8 8 5 9 6 9 5 7 7 4 3 7 2 5 2 5 5 9 6 1 3 8 4 6 7 5 9 1 1 3 3 4 1 1 3 5 4 1 6 1 3 9 5 4 7 2 9 3 7 
5 7 2 2 4 1 6 4 8 4 9 8 1 1 9 3 3 1 3 1 9 5 9 2 8 5 7 6 3 2 1 9 8 9 8 9 3 7 8 5 5 3 9 1 6 3 1 7 8 6 5 7 6 3 1 1 8 5 1 7 3 8 5 4 2 6 4 7 1 2 8 3 9 6 2 1 6 3 5 1 7 4 6 6 7 8 2 2 4 3 
3 2 2 4 8 5 4 5 4 4 4 8 2 6 7 1 6 9 4 7 1 2 6 4 5 5 4 1 1 9 8 4 3 1 9 1 4 6 2 6 9 8 2 3 3 5 6 2 8 1 7 1 9 6 4 2 3 2 8 7 3 5 1 6 4 4 9 2 7 6 8 7 2 7 6 7 3 1 8 7 8 8 4 3 8 4 2 1 8 6 
3 5 5 2 2 7 7 7 5 7 1 4 6 6 2 7 1 5 6 2 3 2 5 4 3 7 4 6 8 1 3 9 2 1 2 9 3 7 8 3 7 6 9 4 1 4 4 8 4 1 7 1 8 7 5 3 2 1 5 3 1 3 4 3 8 7 1 1 8 3 5 9 7 5 1 8 1 2 8 6 7 8 2 7 4 5 9 5 6 5 
8 6 2 2 9 7 8 8 2 5 5 8 4 8 8 4 9 8 5 7 1 4 6 9 5 4 1 4 7 8 8 7 9 3 5 1 8 7 9 5 4 4 6 2 1 2 3 2 8 2 9 3 4 8 6 3 8 4 7 2 1 8 6 1 3 6 6 5 2 1 3 9 9 4 9 7 5 4 2 1 1 6 5 1 5 7 5 1 8 6 
3 8 4 3 4 2 8 1 8 9 9 7 6 8 7 8 2 6 3 8 3 9 4 2 7 1 3 5 4 2 3 9 7 4 3 8 5 2 7 6 9 4 6 5 9 4 9 9 9 8 3 3 6 3 2 2 8 8 1 9 3 3 7 7 3 1 1 7 2 8 5 7 6 6 7 6 4 1 5 4 6 6 8 3 7 8 2 2 8 6 
3 6 4 3 8 5 6 2 7 9 8 8 9 9 2 2 3 5 9 5 9 4 6 7 3 6 4 1 3 1 7 2 9 2 6 6 9 3 6 4 8 7 2 8 2 1 8 9 9 1 6 3 3 4 7 4 5 5 8 6 8 1 3 1 6 3 3 9 3 1 8 4 9 5 7 8 8 4 3 8 6 7 2 6 4 9 4 2 7 6 
7 7 9 1 5 1 5 1 3 6 2 6 6 7 3 5 4 4 9 4 7 7 3 6 5 2 2 2 2 4 6 1 4 9 2 2 1 2 7 9 2 8 6 3 4 6 8 7 2 9 2 7 6 4 2 5 2 4 2 1 2 8 6 3 3 9 1 5 4 3 6 9 1 7 6 5 2 7 9 5 5 2 9 8 2 8 4 5 8 2 
9 1 6 5 4 8 1 8 7 5 1 3 7 8 8 8 9 7 7 8 2 3 7 8 2 3 4 8 6 2 2 2 2 1 2 3 8 6 3 6 4 2 7 2 4 6 1 9 8 7 3 6 8 9 8 7 3 3 7 2 4 8 5 2 8 2 7 5 4 5 1 7 3 6 1 3 9 3 3 3 6 2 4 6 3 1 5 3 3 9 
1 9 6 3 5 1 6 8 9 6 4 7 7 2 1 3 8 3 4 4 7 4 2 8 7 5 5 7 6 6 4 1 9 9 4 9 5 8 6 2 4 9 5 9 8 7 9 6 6 5 1 6 6 6 6 4 7 1 3 8 4 5 2 9 7 5 6 6 3 7 5 9 6 3 8 6 3 3 1 7 3 8 5 5 2 7 2 6 8 3 
5 7 1 1 9 7 4 3 7 5 5 1 7 6 3 8 1 4 9 3 3 6 3 9 5 5 1 3 1 1 3 8 6 3 6 6 7 1 4 9 4 1 9 4 5 1 1 8 4 1 2 6 8 1 8 1 7 6 5 1 5 2 3 1 3 8 9 9 3 4 4 1 6 2 7 6 3 4 2 7 1 6 6 1 6 9 4 2 7 9 
3 1 9 4 5 3 8 5 2 7 4 2 8 4 1 6 8 6 5 3 1 8 6 1 7 2 1 7 7 7 2 7 1 6 1 1 9 1 1 3 1 5 9 4 2 7 4 4 9 3 5 9 1 2 5 2 8 9 1 3 3 6 4 8 4 7 5 4 5 7 4 8 7 5 1 2 7 6 5 7 1 4 2 3 7 2 9 8 3 3 
3 1 9 3 9 8 9 7 6 7 6 4 7 2 8 4 3 2 7 9 9 1 1 7 3 3 5 4 2 6 4 9 5 5 2 6 1 1 4 4 9 2 1 1 4 7 7 4 5 5 6 4 9 3 2 9 7 3 9 2 3 9 5 8 7 4 5 5 8 6 3 1 6 6 9 5 2 2 9 5 3 5 1 7 8 9 1 2 7 7 
8 6 6 9 5 1 3 6 5 7 1 2 1 9 9 6 1 6 5 1 6 8 5 3 5 1 8 9 2 8 2 6 5 7 2 4 6 5 8 1 4 3 8 9 3 4 3 6 2 2 2 5 8 1 3 5 2 1 7 5 2 8 3 4 8 5 6 2 9 1 4 4 8 1 7 6 9 6 4 4 1 8 3 7 5 6 4 2 5 6 
6 9 7 2 5 9 6 6 5 4 9 8 6 3 9 7 3 6 5 3 4 4 6 1 6 5 4 8 2 8 5 8 4 8 9 8 3 6 2 4 6 7 1 8 6 6 1 2 3 4 5 2 9 8 3 9 8 9 7 8 5 9 2 6 8 3 5 4 2 7 8 4 1 6 8 8 4 3 2 1 4 4 3 7 4 4 3 5 4 6 
7 7 7 1 1 6 7 6 1 5 9 4 8 7 3 9 9 3 4 5 5 5 3 7 4 6 1 5 2 5 2 5 8 6 2 2 3 4 8 2 7 8 6 3 8 1 3 9 7 5 4 8 3 8 9 6 7 2 3 6 6 2 1 1 8 1 6 6 4 2 3 1 9 3 4 7 2 7 4 1 2 9 5 4 2 9 2 1 4 5 
2 7 6 9 9 8 9 6 4 3 4 8 3 4 7 1 2 1 3 3 8 3 2 9 6 4 7 2 2 3 9 2 1 6 4 6 9 1 9 4 6 2 4 6 7 2 8 2 6 8 2 9 2 2 2 9 5 7 1 3 1 9 7 4 7 3 8 3 9 8 7 5 5 6 7 1 1 2 2 9 2 4 8 5 5 6 2 9 1 3 
1 7 8 7 1 6 8 9 7 3 1 1 1 4 2 5 8 4 8 4 9 6 3 9 6 8 3 5 8 5 8 5 8 2 3 8 3 2 8 2 5 3 1 3 9 5 7 8 8 5 5 2 3 6 3 8 3 4 3 9 2 5 4 1 1 6 9 8 7 3 8 1 5 4 6 2 2 1 1 2 9 1 4 3 2 1 9 4 9 6 
8 9 4 6 5 4 6 9 8 5 9 7 4 7 5 5 6 1 1 7 6 4 9 7 1 9 1 9 5 3 8 3 2 9 4 1 2 5 1 9 4 1 5 5 7 5 4 6 5 4 5 8 9 7 8 3 2 5 6 2 9 8 1 9 9 6 2 7 2 7 4 7 8 3 4 4 9 7 9 5 2 8 8 9 3 7 5 1 5 6 
9 8 9 8 3 3 3 2 4 5 5 3 7 3 6 2 8 8 1 4 8 2 8 3 8 7 6 5 2 6 5 4 3 5 1 3 7 5 7 9 3 7 9 3 9 4 1 3 7 9 6 3 7 9 5 6 1 3 4 2 5 5 4 4 5 5 4 1 4 2 7 4 4 1 2 2 6 8 8 1 5 5 9 3 4 5 5 1 9 9 
4 1 9 4 5 5 9 6 3 3 6 8 2 4 4 9 3 9 2 2 3 6 2 2 9 9 7 4 1 2 4 2 5 9 7 6 5 9 9 7 5 6 6 3 8 3 6 2 2 5 6 2 6 5 1 5 3 4 6 5 3 2 3 2 5 5 9 4 9 3 5 4 2 3 4 3 1 3 7 3 3 1 6 4 8 6 4 4 5 8 
8 3 8 1 9 6 6 5 8 1 6 5 2 9 7 5 4 1 4 5 1 8 8 7 7 5 5 2 2 7 6 6 6 8 7 9 5 2 3 8 7 6 5 8 4 2 8 2 4 5 3 1 8 3 9 1 8 7 6 6 2 2 4 7 8 8 4 7 8 3 4 9 6 9 3 2 2 6 7 5 8 2 1 1 8 5 4 4 3 9 

1 30 37 6 29 17 44 46 38 20 0 1 36 37 36 35 40 29 36 39 43 5 6 20 8 49 4 42 1 42 47 48 7 46 21 18 10 1 7 39 47 42 16 17 43 39 30 25 11 6 49 37 26 41 6 42 36 11 16 10 33 9 23 17 24 14 11 20 5 40 30 0 43 30 42 14 29 7 30 25 6 19 5 12 41 26 44 2 25 15 10 11 42 13 14 13 14 47 31 4 19 23 29 40 33 12 45 3 27 38 15 30 18 46 27 23 43 28 19 8 

3825 5906 2022 3974 4830 5255 6831 5252 2565 6402 5615 2342 2875 5984 5925 5682 3242 2528 3088 504 5344 3207 407 2855 4253 6113 2968 201 3149 5252 3108 2348 4750 4900 3726 3990 5580 5414 2927 1226 1893 3454 1916 4058 4198 1070 3341 108 6321 5053 4048 1235 5359 6794 3433 1572 2715 3928 1325 5098 5909 1159 352 3613 5771 6704 2007 2151 4057 2969 5472 525 5877 6684 725 5170 391 1488 2404 6019 2635 5898 5325 797 4033 3692 4911 1568 822 4012 233 2588 4127 173 2814 5838 4663 2164 6609 5141 5530 5677 6726 2099 576 209 1969 5870 2136 6760 3248 1792 1076 438 5397 3279 3550 3450 6594 4573 