50 40 

12 69 77 45 77 51 5 95 2 74 66 73 69 84 3 88 63 28 86 55 9 5 60 98 91 18 2 78 36 52 53 28 94 6 78 50 90 47 16 38 
30 40 94 30 84 39 13 1 62 18 4 43 70 43 47 9 87 50 5 14 17 7 53 6 97 60 62 20 36 2 87 4 77 64 95 36 84 21 47 80 
21 96 16 25 25 20 51 88 87 21 55 93 53 81 34 12 16 85 47 64 81 40 35 92 13 82 86 1 22 90 28 60 13 97 59 60 70 9 19 31 
23 27 50 4 27 78 8 67 96 8 18 37 63 52 54 45 81 76 81 32 45 13 21 84 76 76 22 84 3 50 12 12 15 64 14 75 71 85 22 27 
13 41 77 15 97 26 68 18 5 10 95 82 19 32 81 33 89 91 16 18 53 58 67 94 19 54 40 12 86 2 93 48 96 86 66 84 2 1 54 16 
95 64 11 92 2 77 60 16 54 70 24 90 71 36 26 58 63 6 60 5 81 88 74 86 14 1 70 65 1 18 53 27 69 30 93 71 83 46 29 4 
29 46 39 67 14 30 39 31 94 44 90 66 60 97 88 39 97 24 75 62 59 62 16 13 55 2 52 86 18 25 68 87 74 76 82 7 90 97 31 94 
52 13 36 81 18 13 87 81 23 80 13 19 23 15 60 48 87 52 3 87 25 7 23 88 51 6 20 1 67 72 24 90 32 4 95 86 58 88 10 83 
52 51 33 31 15 70 37 30 36 98 18 2 66 24 1 3 13 31 63 69 27 43 19 85 86 47 63 26 86 5 23 98 86 18 84 33 77 53 70 92 
43 11 9 5 24 48 63 35 54 77 3 31 91 69 4 88 12 86 41 43 62 29 83 87 98 15 27 35 10 53 22 24 1 66 50 61 52 68 34 57 
83 15 85 96 10 73 6 22 61 23 88 92 83 30 63 6 72 12 53 62 74 30 27 80 43 47 59 94 45 58 90 10 79 3 74 14 13 23 11 80 
79 85 57 98 84 93 93 61 54 35 19 60 12 21 68 73 29 51 67 1 95 53 11 70 29 47 77 52 52 8 82 88 82 95 64 93 22 50 1 62 
55 26 33 87 62 44 2 78 49 97 27 95 41 78 40 89 85 97 74 66 4 76 44 27 45 37 72 56 32 51 14 31 11 84 28 25 25 45 51 61 
91 11 64 19 19 91 59 3 51 91 14 88 96 89 49 96 38 35 25 37 90 50 4 31 6 8 28 26 91 4 34 19 44 54 49 52 81 23 44 9 
70 14 20 63 26 67 28 14 80 73 20 47 57 53 27 23 45 53 49 67 13 54 61 22 17 96 82 3 18 78 87 52 24 8 62 50 72 23 97 50 
72 4 67 54 91 19 66 23 59 3 16 25 89 15 96 84 8 54 24 34 93 70 23 34 38 10 47 69 61 49 72 93 39 37 21 29 79 44 42 35 
45 70 66 81 95 91 73 85 56 80 51 14 63 57 98 71 26 87 39 78 33 59 48 21 82 31 36 70 56 19 70 5 11 40 57 60 80 29 27 62 
8 4 56 95 37 27 52 17 81 76 75 24 61 2 61 58 16 65 71 74 1 57 44 31 60 84 10 33 44 58 42 80 8 34 48 23 21 12 47 49 
41 49 53 30 45 91 92 21 89 2 4 54 65 33 22 34 21 74 38 38 13 54 87 15 46 46 10 51 52 29 44 17 31 8 24 2 43 63 90 82 
49 66 81 68 62 45 69 63 58 18 16 88 57 69 88 20 38 55 66 22 23 63 94 22 11 24 54 28 29 53 6 48 36 51 50 98 84 37 77 68 
66 28 4 26 77 9 21 30 49 72 26 18 58 46 51 74 96 4 86 69 1 18 43 35 98 31 28 43 83 83 79 41 90 67 50 36 36 86 11 51 
58 62 30 31 39 62 76 81 3 92 97 18 77 36 54 14 46 89 5 52 10 66 25 71 23 92 25 9 10 3 83 95 42 22 64 88 60 59 48 26 
48 48 76 2 71 4 16 19 44 29 80 95 24 3 40 57 15 86 84 51 87 23 94 30 5 7 85 48 13 37 46 39 94 77 39 59 19 85 8 46 
9 57 72 92 44 18 76 21 80 81 68 62 7 29 73 5 12 77 73 71 24 96 88 72 76 18 63 87 30 40 15 92 92 55 60 95 27 79 91 83 
81 4 20 24 95 19 79 51 20 73 15 70 85 86 42 12 3 16 63 14 76 83 5 71 81 42 20 9 47 82 26 41 75 46 94 71 28 51 84 70 
4 3 79 20 17 10 65 24 31 82 96 40 49 19 89 13 65 83 88 90 28 34 7 60 11 90 48 65 21 80 83 8 77 61 56 67 13 63 52 34 
2 42 73 59 31 40 34 66 72 56 37 43 86 17 4 93 51 84 97 22 48 50 98 38 95 15 77 19 51 12 77 54 65 97 89 14 13 48 58 86 
36 41 47 59 4 32 51 92 81 10 9 41 96 54 92 16 59 84 55 41 46 8 90 52 97 19 28 43 6 33 88 10 92 97 55 46 30 63 90 98 
17 44 10 17 4 98 44 2 64 72 63 61 31 79 44 3 3 31 16 46 86 44 54 79 90 54 37 91 85 37 72 62 62 80 12 83 79 69 4 7 
8 90 97 94 89 62 64 5 90 55 31 12 55 98 92 29 91 2 62 78 13 52 55 38 4 23 41 25 32 54 9 50 45 86 98 9 14 78 61 56 
28 58 73 42 72 25 29 62 7 97 60 30 50 34 76 48 60 14 61 41 57 79 48 54 90 26 43 50 46 96 81 9 11 47 70 71 34 89 84 95 
98 18 1 10 64 72 9 64 2 24 9 43 78 79 50 5 5 13 61 35 11 6 87 17 48 49 5 10 21 44 84 95 67 19 98 1 13 97 39 4 
74 54 16 37 75 69 52 38 1 41 2 98 47 14 54 20 38 24 85 82 75 52 84 7 59 89 90 69 69 92 65 56 68 70 84 9 21 26 55 33 
65 85 5 74 77 11 63 94 43 19 51 17 49 86 47 16 25 29 76 80 29 28 39 84 15 53 65 10 19 29 11 47 50 69 7 88 25 64 31 45 
62 84 8 10 65 36 27 77 70 65 75 83 6 7 52 55 16 93 10 7 32 7 52 35 86 6 86 10 98 19 17 93 16 60 61 90 19 44 90 38 
75 85 14 45 36 8 58 50 1 36 29 90 85 67 34 66 62 93 60 68 23 49 60 88 83 4 28 10 83 44 40 4 7 24 34 52 6 65 95 98 
48 75 16 5 23 28 14 96 8 65 94 26 88 85 77 16 85 45 70 86 8 59 37 54 30 26 30 16 57 14 59 70 64 82 14 69 87 4 36 95 
81 54 40 12 75 85 9 28 59 14 73 86 59 86 57 2 38 63 27 98 18 30 42 9 24 32 89 80 61 81 70 95 75 94 77 95 70 49 71 43 
59 55 89 83 91 60 81 34 91 97 77 65 6 61 13 52 47 82 81 4 61 65 97 31 11 1 90 87 82 93 38 65 33 48 32 46 55 96 51 92 
58 14 79 53 44 72 58 77 24 45 96 51 62 15 68 61 43 80 34 80 88 29 31 63 89 92 48 76 34 63 90 39 81 71 42 30 66 31 78 97 
44 72 22 74 19 47 5 62 10 53 26 41 2 57 57 19 50 36 4 20 18 20 16 69 80 77 32 58 22 87 97 70 81 91 17 17 12 78 19 55 
40 85 48 59 7 96 51 75 90 50 24 77 61 56 4 69 85 94 7 8 57 60 51 98 56 30 28 16 38 5 75 66 93 34 37 31 45 53 77 84 
4 17 88 6 38 80 61 1 57 21 80 47 28 81 77 81 75 62 88 66 42 57 94 13 38 79 25 65 89 33 59 31 57 9 54 74 76 54 12 61 
65 31 47 62 44 67 26 60 1 53 24 21 57 41 85 25 3 42 79 62 53 65 41 90 28 81 76 98 45 94 37 48 49 85 82 70 13 86 72 23 
52 51 14 28 86 62 22 69 7 93 15 94 58 44 56 40 10 82 62 78 2 80 44 14 44 1 23 14 41 57 43 63 26 65 10 40 58 55 87 50 
25 83 72 57 57 5 6 71 78 32 92 54 73 84 90 83 47 78 31 62 77 54 68 58 29 71 78 10 29 83 45 66 14 1 67 93 89 66 6 8 
46 21 86 38 84 15 82 38 55 45 87 81 36 59 63 34 97 34 33 24 32 59 53 92 32 51 91 88 5 60 81 10 77 34 17 34 59 20 11 59 
47 28 47 30 85 80 6 63 1 33 32 21 78 13 42 88 35 39 56 77 81 24 84 36 42 93 61 98 79 69 43 86 60 6 48 79 13 46 30 31 
61 90 3 76 89 36 12 83 1 9 25 10 85 41 82 84 39 8 23 12 80 71 94 3 47 48 89 47 86 37 39 68 64 48 29 74 67 82 93 86 
15 34 35 5 3 72 29 17 50 50 66 66 4 79 29 41 6 72 90 7 61 39 80 23 85 46 92 12 36 57 30 86 83 1 31 13 96 89 56 9 

7 8 1 5 8 4 1 5 2 7 4 4 7 1 5 2 4 6 6 5 1 6 8 7 8 6 7 7 2 7 8 5 6 6 7 1 6 7 4 4 
4 5 7 7 3 5 7 1 3 6 9 5 7 5 9 1 6 8 2 4 4 3 9 7 9 9 9 7 2 2 6 8 5 2 3 1 8 8 1 9 
6 4 7 7 8 1 9 5 4 4 5 5 5 1 3 2 5 8 2 3 5 9 3 8 2 8 7 4 2 6 3 4 7 6 9 4 9 3 1 8 
4 4 1 4 9 3 5 6 1 4 6 1 6 3 6 1 5 8 5 9 8 5 5 7 8 2 5 7 4 3 4 7 3 8 4 5 6 3 9 6 
6 5 5 2 7 3 7 3 3 2 3 2 9 6 9 3 8 8 3 1 9 7 1 7 7 7 9 1 9 1 5 7 7 6 4 4 4 6 7 6 
3 7 1 6 5 9 8 2 6 4 6 4 3 2 9 3 1 6 1 5 5 9 2 2 9 8 9 2 8 2 4 5 5 5 5 2 8 9 1 3 
5 6 8 2 7 2 9 5 4 4 1 9 7 8 2 3 4 3 2 3 2 2 7 3 7 8 8 3 6 8 6 2 8 5 9 3 8 7 2 7 
3 5 5 1 6 4 4 3 3 2 4 6 7 5 8 1 4 7 9 9 3 9 1 3 2 8 9 8 7 6 9 1 8 8 5 4 1 4 9 7 
8 4 7 9 2 8 9 2 6 4 2 8 3 2 9 4 6 9 4 1 7 5 7 4 4 3 3 7 4 9 2 1 4 7 6 9 5 6 7 4 
6 1 3 2 8 4 7 5 4 8 2 7 7 4 5 2 5 4 7 2 7 2 1 8 5 8 5 4 3 5 7 6 2 1 9 9 9 8 3 8 
5 8 7 5 8 8 5 3 6 6 2 7 1 8 1 6 7 4 6 7 6 7 6 5 4 5 9 7 2 4 7 9 6 4 8 2 8 2 9 1 
2 1 7 9 3 1 6 8 7 9 7 3 1 6 5 6 4 6 7 7 8 7 9 9 8 7 7 4 8 9 7 9 6 2 9 5 6 3 6 9 
5 7 1 9 7 8 6 4 3 7 8 2 7 3 2 4 5 5 4 2 8 1 1 6 6 2 4 6 4 8 4 1 3 6 9 9 8 7 6 9 
5 4 7 7 3 3 5 9 4 9 4 2 7 2 7 5 5 2 5 1 3 8 5 1 9 5 4 6 2 2 1 3 2 1 9 2 5 6 1 6 
8 2 4 1 4 2 4 9 2 4 2 3 2 3 6 6 8 7 1 9 1 8 3 3 3 3 6 4 9 2 1 9 8 6 8 1 4 4 9 7 
3 8 3 4 2 6 2 9 8 2 5 7 6 2 3 6 8 8 4 3 8 2 2 2 9 5 4 5 6 3 9 3 1 8 2 9 1 3 4 8 
2 6 5 7 3 2 3 9 6 1 8 3 2 8 7 2 6 4 5 7 1 3 8 1 1 8 2 2 2 5 6 4 2 3 1 8 1 3 8 7 
3 9 6 5 1 1 1 6 2 4 2 4 2 5 6 8 2 1 9 3 8 4 1 6 8 1 2 3 7 9 1 7 3 7 5 1 2 8 6 5 
3 9 8 8 5 5 4 1 9 2 7 2 7 3 8 2 5 5 3 6 8 8 9 1 8 2 4 9 8 8 6 2 5 3 2 4 8 1 1 4 
8 4 1 5 2 4 6 1 2 5 4 4 8 3 7 3 3 3 6 2 1 9 4 2 3 2 4 6 6 8 5 7 8 6 9 3 4 4 3 1 
6 7 9 2 6 7 8 9 5 1 8 9 5 5 3 8 2 5 8 9 6 7 5 4 6 5 2 4 8 8 8 5 8 7 3 9 2 8 7 8 
8 6 4 9 2 2 9 3 1 7 9 9 6 7 8 5 5 4 7 2 5 3 3 7 7 2 2 6 2 3 1 4 8 8 2 1 2 3 3 1 
6 3 2 4 4 1 9 3 3 7 7 9 1 6 8 3 5 9 3 8 8 3 3 6 1 8 9 6 5 9 7 8 7 6 9 5 4 2 1 1 
2 3 3 3 3 4 9 7 8 3 9 2 8 6 6 4 2 4 4 5 1 3 2 2 5 7 7 7 8 1 3 5 2 5 6 5 8 3 3 3 
4 8 2 8 4 2 6 4 3 6 8 2 5 4 8 4 6 5 2 7 4 1 6 6 1 8 5 5 3 7 4 4 7 7 4 1 5 3 1 6 
5 3 4 8 8 5 3 8 4 8 9 1 7 8 7 9 1 1 6 1 1 8 3 8 6 8 5 6 4 5 5 8 3 1 3 3 4 4 7 5 
6 2 8 3 6 4 5 1 6 8 8 4 5 4 8 9 5 9 9 1 9 5 1 1 5 4 2 8 2 3 3 4 2 9 6 5 5 2 7 9 
8 4 2 4 3 8 2 9 3 7 2 2 4 9 4 8 8 8 6 7 4 8 9 5 7 9 7 1 1 6 9 9 2 8 4 7 7 7 2 7 
5 1 6 5 2 4 1 7 3 5 1 7 6 8 7 9 5 8 9 5 7 7 1 6 4 8 9 1 2 9 6 7 3 9 6 8 5 8 1 6 
5 7 7 6 8 6 7 7 8 1 5 5 4 6 7 7 9 8 1 4 8 8 8 5 4 9 2 8 9 6 8 5 6 1 2 5 7 1 8 1 
9 5 8 3 1 3 8 8 5 8 1 3 3 6 8 4 4 9 6 1 8 6 1 2 7 1 4 6 3 7 9 1 6 3 6 2 5 8 9 4 
3 2 9 3 8 4 5 1 5 7 2 1 6 9 4 3 1 9 6 8 8 3 4 6 9 2 2 2 9 3 1 9 3 1 6 9 2 6 8 3 
2 8 4 7 7 7 8 8 3 2 8 4 1 1 1 1 3 3 4 5 1 3 1 3 7 2 5 1 8 3 9 8 1 1 5 4 8 1 2 5 
6 6 3 6 5 8 7 4 6 3 8 1 6 9 7 6 2 9 3 5 9 7 8 4 2 3 2 7 2 2 4 3 6 6 7 4 1 4 5 4 
4 2 1 6 2 1 6 4 5 9 7 2 8 8 7 3 1 1 3 3 8 5 4 7 9 4 8 3 2 6 7 7 3 1 6 3 4 8 6 4 
4 6 6 7 9 7 7 1 8 8 4 5 3 1 6 3 8 7 1 8 4 5 1 3 9 4 6 8 6 3 9 1 4 3 9 4 8 6 2 8 
8 3 9 5 1 1 9 3 8 8 4 6 6 2 6 6 7 5 7 8 4 4 9 2 2 3 4 5 7 8 1 8 6 2 1 8 1 9 9 3 
7 9 6 2 8 5 9 8 9 6 9 1 9 1 6 6 8 9 2 7 4 7 7 6 7 8 6 7 2 9 9 8 9 6 3 2 7 1 8 7 
5 5 5 6 2 7 5 6 5 9 1 5 6 3 6 1 8 8 6 7 1 2 7 9 7 3 9 9 8 3 9 9 8 6 1 1 1 9 4 2 
1 8 1 8 3 6 5 5 5 5 6 1 8 2 8 6 3 8 9 1 3 2 7 7 3 7 8 8 9 6 1 9 1 2 6 1 7 2 5 4 
5 6 7 6 2 4 3 1 6 7 5 8 2 6 5 5 2 3 8 8 4 6 9 8 4 4 9 9 8 2 2 1 4 2 6 5 7 2 4 9 
2 1 7 3 6 4 5 8 3 5 8 8 7 9 4 7 9 6 2 2 8 7 2 3 6 1 6 5 1 9 9 9 1 9 8 6 1 8 9 3 
1 1 9 4 5 7 9 8 9 6 3 7 8 8 8 3 1 6 5 7 7 4 9 2 7 3 3 4 3 9 7 1 8 7 2 4 8 9 3 8 
5 8 7 8 4 1 1 2 9 2 3 5 4 3 3 5 2 4 2 2 2 4 6 9 3 2 4 8 1 7 1 1 3 3 7 1 8 1 1 5 
9 5 1 2 3 4 7 7 6 4 3 1 2 1 5 5 9 9 9 4 6 5 7 7 8 7 1 8 8 1 6 4 1 7 4 4 1 8 7 3 
4 7 6 8 6 1 8 8 6 8 9 9 3 9 6 4 6 1 9 2 3 9 2 7 4 9 4 5 8 6 5 1 3 1 8 1 2 9 6 2 
6 9 1 2 2 8 4 6 7 9 8 9 6 1 4 9 2 9 4 3 6 3 1 4 7 6 3 4 9 6 2 2 2 1 9 4 8 7 1 8 
7 7 2 6 8 9 5 3 8 8 1 4 2 5 1 4 2 4 9 9 4 7 8 7 4 6 7 6 8 8 7 5 3 3 2 9 1 4 1 5 
9 2 4 3 7 3 4 3 5 9 1 2 7 7 3 4 5 9 1 1 3 9 4 1 8 6 7 2 8 5 8 3 2 1 8 4 2 4 6 4 
8 3 6 7 8 7 6 4 3 1 2 6 9 6 7 4 3 1 8 2 2 7 5 6 5 6 8 7 7 1 5 5 3 4 7 2 5 8 3 4 

23 16 20 30 30 40 6 12 37 28 39 46 14 20 42 40 27 35 7 47 5 10 10 26 19 49 24 12 24 48 46 28 9 38 32 9 26 20 42 19 22 32 23 13 6 37 11 38 19 19 

1882 2766 2382 2539 1163 207 2140 1912 1902 1601 1260 1271 1301 1405 2659 1048 653 1975 1284 344 1383 1434 561 1747 1225 1052 1513 2650 1563 1236 1018 2626 1014 667 289 2113 384 1204 347 2049 711 2752 805 899 928 964 694 1769 791 392 50 40 

66 91 72 98 79 66 47 6 5 57 92 94 20 10 12 67 4 46 35 21 90 58 45 88 6 66 33 78 60 98 9 92 18 69 67 80 14 73 95 29 
19 36 18 42 91 90 44 36 31 82 45 93 63 57 69 84 28 75 24 45 50 66 76 36 40 48 71 53 49 8 23 85 95 78 19 49 93 24 10 17 
66 20 6 97 83 52 60 50 81 25 8 59 6 20 97 74 59 32 49 70 92 70 9 5 14 61 39 42 27 86 32 98 92 73 5 76 83 32 63 47 
74 97 54 24 54 17 61 5 26 13 98 54 15 55 37 35 98 64 49 98 50 38 85 31 58 10 68 47 65 26 90 90 15 39 93 9 96 87 87 38 
48 6 32 49 55 73 78 30 60 18 9 65 94 93 97 60 55 9 47 63 90 13 90 86 57 27 13 36 3 65 87 76 52 24 60 42 19 19 83 3 
29 50 24 92 86 96 64 50 97 68 83 50 56 88 66 18 70 31 18 78 57 92 95 68 1 74 48 3 25 41 86 41 60 40 42 72 94 85 91 41 
88 30 89 86 84 84 15 61 42 44 27 66 15 69 88 9 31 52 5 94 57 14 66 35 31 58 49 56 9 83 16 40 32 20 92 26 9 40 7 71 
83 37 91 97 78 13 88 49 71 52 44 73 49 24 14 10 15 55 60 62 83 28 50 5 24 47 38 4 30 59 44 12 97 34 82 34 86 19 84 78 
44 53 31 95 21 1 96 11 13 40 13 65 82 69 75 31 56 4 92 88 78 61 6 74 18 32 22 68 45 68 50 95 6 15 10 81 79 15 87 9 
70 13 3 93 67 61 63 32 37 33 60 43 50 31 44 27 54 41 52 9 38 87 42 7 5 30 49 82 41 48 26 53 12 81 33 43 19 47 11 94 
38 73 90 26 79 19 65 39 78 1 18 88 41 68 96 20 81 34 3 16 60 2 92 93 16 47 57 82 60 97 41 51 49 58 35 46 90 73 89 81 
93 48 15 50 46 44 9 91 94 14 62 54 93 36 95 56 30 89 35 19 32 50 15 55 85 74 4 55 57 16 97 91 59 97 97 91 43 33 49 20 
70 33 27 6 81 88 85 27 94 57 57 88 17 47 24 46 69 67 48 52 38 68 59 43 5 14 25 87 33 36 75 65 57 45 60 69 61 87 12 56 
57 6 77 33 14 69 81 38 50 75 43 86 27 94 71 98 1 49 91 46 51 25 61 85 16 37 33 31 7 76 68 21 85 5 97 8 13 41 47 19 
65 69 96 9 53 63 17 70 21 15 71 93 70 63 72 96 73 59 14 16 89 60 24 28 19 43 26 20 89 14 85 93 30 44 61 85 49 73 11 24 
39 64 86 10 52 97 28 16 15 67 46 11 71 55 67 54 80 66 42 31 95 14 42 73 31 20 56 91 42 59 7 32 8 84 28 18 11 83 57 55 
8 35 81 29 4 1 46 65 96 38 80 89 76 25 21 24 35 52 68 98 84 71 88 14 25 86 94 43 6 9 95 56 90 28 4 12 10 22 26 97 
86 18 19 24 15 74 87 56 71 46 93 54 48 92 1 20 14 96 98 54 39 52 19 45 37 10 59 39 6 62 89 98 97 98 93 93 35 56 26 24 
67 67 97 87 63 58 28 16 77 79 75 33 15 69 7 48 77 25 78 82 94 10 52 52 86 21 77 83 54 19 22 37 85 53 73 84 85 41 44 77 
26 4 86 51 79 58 20 1 95 64 66 81 84 52 46 98 58 56 5 95 71 58 38 53 28 43 27 51 98 91 22 49 92 19 33 52 65 1 65 74 
25 56 38 93 93 61 66 4 77 25 55 57 26 69 67 91 97 79 91 65 89 77 85 14 52 58 13 62 46 40 51 61 17 24 16 55 11 34 97 96 
47 5 8 65 78 62 97 20 18 79 27 66 83 75 94 74 9 15 36 28 30 62 59 15 61 10 45 24 25 29 83 30 64 56 24 23 47 42 66 95 
58 88 35 67 4 72 63 18 20 9 70 22 10 35 75 30 40 96 94 40 49 95 34 29 89 70 83 23 36 13 10 2 19 34 64 92 92 89 24 82 
52 6 77 65 32 75 30 32 88 17 86 41 46 80 19 28 84 6 21 13 34 30 54 15 70 32 10 91 4 37 23 35 65 91 34 16 54 62 72 83 
77 84 73 17 94 85 65 11 90 42 94 21 88 76 63 21 98 25 53 51 94 61 19 66 40 82 9 17 11 82 37 55 83 5 61 13 15 55 75 30 
18 40 21 85 17 23 37 77 18 13 46 74 96 78 39 43 62 64 23 69 15 61 98 64 79 94 74 84 21 77 51 31 4 37 50 86 87 91 36 51 
54 47 92 93 58 95 46 5 7 60 81 5 62 44 14 18 61 61 20 51 50 13 34 26 7 73 19 16 85 96 90 90 96 67 61 78 36 54 34 48 
7 84 28 38 8 51 67 48 21 39 56 34 55 60 86 22 86 37 35 33 82 47 90 39 18 63 63 85 81 80 2 53 55 87 13 61 84 65 28 69 
35 88 20 38 95 49 56 81 27 10 62 98 79 29 89 47 69 39 87 77 3 14 98 19 60 32 90 20 43 39 72 38 95 78 51 62 75 14 54 43 
79 85 7 28 46 34 56 5 98 65 32 66 52 32 22 30 30 96 93 80 23 68 68 81 11 34 82 29 65 11 4 95 88 95 84 37 19 24 32 9 
24 58 90 97 74 36 98 2 32 19 19 64 93 63 6 53 6 66 54 79 62 85 34 89 93 70 85 49 77 76 72 53 89 11 31 2 93 29 83 45 
2 70 31 70 61 45 65 18 39 13 8 50 4 82 34 84 95 78 70 96 24 3 85 91 4 10 30 24 39 48 15 37 67 33 71 59 34 45 65 10 
96 71 43 15 2 6 53 89 34 68 51 17 83 1 35 9 91 81 76 93 11 98 38 94 27 5 20 6 38 48 79 52 66 36 61 41 87 56 71 41 
4 60 56 72 3 22 84 6 81 40 85 41 64 15 2 2 19 65 23 20 9 43 80 46 93 29 40 81 4 64 6 38 77 94 51 33 90 6 75 46 
69 55 78 13 18 39 88 15 12 89 15 55 53 28 5 29 62 19 85 87 22 74 8 40 42 60 35 71 63 86 18 84 55 92 23 73 32 73 3 98 
46 61 81 56 50 36 79 59 84 46 68 67 67 22 73 49 61 92 65 92 28 76 7 22 8 10 29 67 36 51 64 25 53 78 74 10 83 66 97 42 
3 24 7 8 89 79 82 65 67 92 68 48 38 10 35 26 14 84 96 32 3 53 8 62 8 57 29 78 10 45 18 20 54 53 97 79 79 90 41 36 
57 41 37 69 33 36 43 55 6 2 14 88 51 75 14 60 54 62 57 46 92 64 65 3 77 76 28 48 58 30 40 86 37 33 83 52 93 57 45 40 
65 50 70 62 34 18 85 2 1 84 41 37 82 41 23 75 35 61 21 1 67 49 92 86 13 98 52 31 68 37 35 48 5 17 64 70 76 54 38 69 
57 62 65 67 74 63 85 73 98 67 18 66 80 54 6 88 74 24 90 9 29 76 52 74 83 7 7 64 47 5 44 51 71 51 27 46 48 95 73 21 
76 73 66 74 28 56 8 34 46 91 32 98 48 4 83 49 36 75 65 12 10 92 44 37 85 5 44 31 91 56 85 90 90 81 87 73 21 5 84 53 
55 59 56 83 17 57 42 92 44 77 66 59 87 49 87 61 81 95 84 50 21 60 38 86 90 64 24 36 40 60 44 21 6 36 66 41 80 65 61 84 
36 79 83 56 71 64 50 84 97 57 19 18 1 65 24 50 40 2 26 18 21 31 56 20 12 89 23 8 16 37 51 57 31 72 5 50 63 61 22 91 
45 10 2 58 93 50 58 87 23 81 63 78 97 21 82 76 38 74 62 47 37 36 90 24 74 27 3 71 55 26 3 35 50 6 35 37 71 9 75 46 
20 13 94 35 51 13 92 80 54 52 56 24 18 85 67 17 75 39 35 84 6 75 44 41 54 68 93 21 44 24 34 32 35 98 51 11 71 11 88 23 
52 34 66 36 20 4 64 34 68 21 53 18 57 8 72 81 8 39 28 54 60 29 27 74 94 92 90 41 13 66 21 50 12 1 77 62 89 53 38 28 
75 52 23 53 58 76 43 55 12 53 46 66 51 73 84 14 30 25 21 94 93 91 94 29 97 78 19 83 64 41 91 72 49 83 25 89 41 21 74 41 
77 11 15 82 80 45 65 81 4 82 59 76 37 73 12 39 80 76 50 62 47 93 30 88 16 56 75 21 43 57 93 27 57 34 73 89 78 3 59 71 
72 31 61 79 61 21 69 86 39 39 76 44 21 98 8 43 92 4 57 30 73 48 71 58 48 97 32 79 29 83 88 63 86 33 55 7 93 21 97 6 
24 82 57 97 27 17 43 48 5 33 66 33 27 68 38 2 48 36 70 62 4 38 67 13 59 12 89 38 29 38 17 97 79 2 41 8 37 75 22 69 

7 4 9 9 7 6 2 5 5 6 8 3 3 5 6 5 4 3 4 8 5 9 7 8 9 3 7 9 1 6 5 3 5 5 3 8 4 9 6 4 
9 5 8 1 2 8 2 1 9 1 1 1 3 5 6 9 9 1 3 9 3 6 2 2 7 2 5 2 9 7 9 4 3 5 1 8 1 8 4 5 
1 1 7 4 4 5 7 7 7 6 9 2 9 5 7 7 7 9 7 8 5 9 6 6 7 3 9 6 3 3 2 3 7 8 2 8 6 9 2 6 
6 9 4 7 2 8 8 9 7 7 1 4 1 7 8 9 2 8 2 2 3 7 8 6 8 1 7 7 5 1 8 7 1 4 8 6 4 1 1 2 
2 8 4 1 4 2 9 4 7 6 7 4 7 4 8 6 2 9 9 9 2 1 4 7 6 7 4 9 3 6 5 6 2 9 3 3 1 4 8 9 
7 3 4 7 1 8 7 5 6 5 9 7 8 2 5 7 8 5 2 7 4 9 8 2 1 9 1 1 7 9 5 1 3 6 8 4 6 6 1 9 
5 2 2 4 5 2 1 2 3 5 2 5 3 4 7 9 2 9 3 3 9 1 7 5 4 9 1 8 8 9 6 9 5 3 9 6 4 2 7 2 
7 9 2 2 4 7 1 6 6 4 2 2 1 3 9 1 3 4 3 6 2 4 8 8 9 3 3 3 4 8 1 8 6 4 5 9 6 6 4 5 
6 5 2 6 1 7 9 8 4 6 4 9 1 4 3 9 6 3 2 4 2 3 1 5 5 8 8 4 6 2 7 8 4 8 7 6 2 3 2 1 
5 4 8 8 5 9 6 2 6 6 8 3 7 4 8 2 1 9 1 6 3 9 6 7 8 3 5 5 4 8 5 2 2 5 7 5 1 5 7 2 
5 4 7 6 5 4 1 8 5 4 1 3 7 2 7 5 6 8 1 2 3 4 5 7 1 9 1 5 7 8 5 1 7 4 7 8 4 7 6 6 
9 9 8 9 2 2 9 5 8 8 4 4 2 8 9 7 4 4 6 5 3 1 6 7 7 1 1 9 7 7 5 6 2 6 9 7 3 8 5 6 
3 8 7 2 6 1 7 5 7 5 8 9 3 2 5 7 7 5 6 1 5 4 3 8 2 7 7 6 8 7 8 9 8 9 9 1 1 4 8 9 
7 3 4 4 4 1 2 3 7 7 6 5 3 2 9 3 3 6 3 5 3 3 3 4 9 4 1 5 4 1 2 9 9 2 5 4 7 6 7 2 
3 3 8 9 7 7 9 4 4 6 1 1 3 7 2 9 8 8 3 5 2 3 5 5 1 4 3 1 2 4 1 9 5 6 4 1 3 3 2 9 
1 2 7 8 3 3 1 2 8 5 9 8 2 3 6 2 1 3 8 7 7 3 9 8 7 1 6 3 3 3 1 1 4 2 9 2 1 1 7 8 
9 5 4 1 6 6 5 9 5 2 8 9 7 8 6 6 9 9 3 3 6 6 9 2 3 9 9 1 1 9 7 7 5 8 4 7 3 7 5 7 
2 3 5 2 5 4 5 1 3 3 7 6 7 5 9 6 6 8 6 7 5 8 8 8 6 3 3 3 1 2 8 4 1 8 5 8 4 9 2 8 
8 8 3 6 5 4 2 1 6 6 3 2 9 1 6 5 2 5 6 1 5 6 4 1 4 7 3 4 8 4 3 1 1 2 2 8 9 1 3 6 
4 8 1 3 6 3 8 7 6 7 4 5 5 1 3 4 6 8 8 2 2 3 5 3 6 9 7 1 1 5 1 2 5 2 2 3 2 9 7 8 
2 1 5 9 6 1 7 9 7 6 1 8 5 2 9 3 1 6 2 3 3 7 9 9 2 2 8 8 6 5 5 1 5 9 2 6 3 5 5 9 
6 1 3 9 5 5 1 9 8 9 3 4 1 3 7 4 2 8 5 2 6 4 7 1 3 6 3 6 2 6 2 2 3 5 4 5 3 8 7 4 
3 9 9 2 6 1 9 5 8 2 3 7 5 9 2 4 2 3 4 9 3 3 7 9 2 2 7 6 8 6 9 8 9 1 3 3 2 9 5 3 
9 2 5 1 5 6 1 8 3 4 2 6 2 8 9 4 9 2 1 5 6 9 1 2 1 9 5 4 4 1 7 8 3 8 8 9 8 1 2 1 
9 4 8 3 3 9 9 7 5 2 1 1 6 4 5 7 1 9 4 3 6 4 5 8 3 4 9 5 1 2 2 1 4 3 7 9 3 9 7 7 
6 3 6 9 3 6 6 8 3 1 3 7 8 5 7 8 7 9 7 7 8 6 6 9 2 9 1 1 1 7 5 2 8 2 6 6 7 3 7 9 
5 6 7 8 1 8 8 6 5 2 8 6 4 9 7 4 6 2 6 4 7 1 5 4 2 5 2 8 1 3 5 9 9 9 2 9 1 7 9 9 
1 2 2 2 9 9 2 8 8 2 8 6 1 4 2 1 1 5 5 9 3 9 5 8 9 4 1 2 6 5 7 3 9 5 3 1 8 2 8 6 
7 2 3 2 9 5 5 4 6 3 2 8 5 9 6 1 2 9 7 7 8 7 5 7 8 8 2 5 9 8 5 8 1 7 1 5 3 9 1 8 
9 7 4 1 8 5 9 1 4 2 5 8 9 9 3 6 1 9 6 8 1 5 8 6 6 9 7 6 1 3 5 3 5 3 7 9 9 8 8 2 
5 2 8 5 7 1 3 6 1 4 4 1 6 8 1 7 3 1 5 3 7 4 1 1 8 2 7 5 5 9 6 5 1 4 9 9 3 8 6 8 
4 5 5 4 1 6 4 4 9 3 8 6 6 6 1 7 5 7 1 9 5 3 1 1 1 2 7 9 8 2 1 6 2 1 3 6 8 1 5 6 
3 7 3 7 7 8 4 8 6 7 1 3 1 2 7 5 1 1 3 8 1 2 2 6 3 6 4 5 4 1 2 9 4 4 3 4 2 8 1 5 
3 8 9 5 9 5 3 1 7 2 6 9 6 2 1 9 7 9 7 9 2 6 9 8 3 2 3 9 6 7 1 4 5 1 4 5 9 1 2 9 
1 6 2 5 8 6 1 5 3 1 7 7 2 6 8 4 3 8 6 4 8 8 9 5 3 5 7 9 7 9 9 6 5 3 7 6 1 7 2 4 
6 4 6 4 8 1 8 3 9 6 3 1 1 7 8 2 9 2 7 9 3 7 3 6 5 7 3 8 1 5 3 5 6 4 2 7 2 3 9 3 
3 6 5 2 1 5 3 3 3 4 6 5 8 7 3 7 2 2 7 1 2 7 5 9 3 8 8 2 7 5 3 3 5 6 9 2 7 9 7 6 
7 8 8 6 5 8 8 7 8 7 5 2 9 2 2 3 1 1 3 4 5 9 8 2 9 6 6 5 2 2 9 9 7 8 9 8 7 6 4 7 
3 5 3 2 4 7 6 8 1 7 5 7 7 1 1 4 6 1 1 6 1 8 7 4 4 3 6 2 9 5 5 5 6 6 1 1 3 2 6 5 
3 1 8 2 8 3 3 4 6 2 8 4 4 8 1 5 2 1 4 9 3 1 8 9 2 5 9 9 9 2 7 6 5 3 5 5 8 8 8 6 
2 4 1 5 5 9 1 7 1 3 5 6 4 2 4 7 4 3 1 9 4 4 4 9 7 4 1 7 8 1 6 5 2 2 5 8 3 6 7 9 
7 2 3 8 9 9 9 9 1 6 2 8 1 4 9 5 3 1 1 1 5 2 2 1 1 1 3 9 9 1 3 2 7 5 9 3 6 9 3 5 
4 5 1 5 2 7 4 8 6 1 6 1 1 6 2 6 5 4 3 4 5 9 4 8 4 4 6 1 2 1 9 2 4 9 2 3 9 4 7 7 
6 5 4 2 7 3 4 6 5 7 6 2 6 4 7 2 9 6 8 5 5 3 3 9 5 7 9 2 7 2 4 2 5 9 6 3 2 7 1 9 
2 3 3 4 8 5 1 1 9 9 9 5 6 8 4 5 2 8 8 2 4 6 4 2 7 3 3 4 8 6 2 4 9 4 3 6 1 6 7 9 
7 5 3 8 3 3 4 3 2 9 1 5 8 9 1 5 9 8 6 7 9 3 2 1 3 8 4 6 7 1 9 9 5 9 2 7 2 8 8 7 
7 9 1 1 7 5 7 2 9 6 8 3 3 2 3 4 4 3 6 3 2 2 7 6 3 9 4 5 6 2 5 1 3 2 3 9 2 3 4 8 
9 8 4 7 5 3 6 9 9 8 9 9 9 8 2 3 2 9 9 3 3 4 9 4 8 4 6 3 8 8 1 6 5 8 5 2 4 6 8 5 
4 2 5 4 6 6 6 4 3 6 3 6 9 2 4 1 3 1 3 5 1 4 6 1 3 9 4 5 9 8 3 6 3 6 9 1 4 8 7 6 
3 7 5 4 9 1 4 1 8 7 2 4 9 1 1 8 9 8 9 5 1 1 5 6 5 8 8 7 9 7 7 3 2 7 9 6 7 2 4 4 

37 6 8 6 25 2 21 32 13 12 18 0 29 41 31 13 28 15 17 43 29 30 25 39 25 24 35 21 46 18 5 12 10 9 31 23 7 9 43 8 47 15 38 28 33 42 10 40 20 0 

753 2132 992 212 563 35 2340 1745 1039 104 2841 2226 1993 1760 2640 1337 2492 1062 820 863 45 2894 1274 257 1826 533 1869 1543 2152 1585 122 2805 111 1409 697 180 2037 458 1131 2888 56 2481 3004 1259 353 2345 1341 57 2020 623 