50 50 

39 31 45 33 69 69 18 28 30 97 33 47 14 84 76 63 37 72 84 19 6 49 89 32 37 12 92 60 37 64 61 45 31 73 58 74 44 67 24 45 93 39 84 54 43 88 57 51 22 9 
97 12 75 89 87 37 6 49 55 98 27 98 87 27 16 78 37 39 38 89 11 64 60 13 95 42 20 51 5 80 57 8 32 67 2 75 7 53 67 45 58 11 11 83 55 60 63 66 67 79 
37 55 26 75 83 40 54 28 12 85 5 16 8 48 10 31 54 49 63 38 68 42 72 35 31 72 40 29 57 95 75 16 73 20 60 76 17 94 95 57 13 25 62 77 30 27 52 86 82 89 
6 9 17 94 77 23 10 90 96 20 2 46 43 51 71 93 95 55 47 16 83 26 62 64 90 5 39 68 15 80 31 19 56 89 41 29 23 22 92 65 75 9 6 41 55 65 26 65 47 28 
18 72 35 3 54 76 24 69 42 48 28 92 29 1 52 74 16 72 38 70 67 5 40 66 47 79 28 44 3 39 6 1 32 21 55 25 75 59 32 35 86 51 14 90 88 72 58 44 41 82 
9 35 45 96 42 91 76 45 25 28 86 42 17 43 57 12 21 93 39 13 72 97 58 47 86 69 54 33 72 93 35 37 91 57 64 80 76 21 14 63 85 30 1 27 66 14 12 67 43 96 
53 76 21 67 74 7 81 24 85 67 30 43 78 79 74 83 38 55 81 64 75 80 69 12 41 5 38 89 95 37 45 25 79 8 87 90 36 97 16 5 69 43 53 35 36 28 54 58 7 12 
98 83 18 23 98 20 59 32 61 34 26 4 28 42 81 46 44 83 61 98 41 10 83 66 77 47 19 7 62 92 45 80 45 38 33 28 54 4 60 27 32 11 47 36 5 41 39 57 60 49 
91 77 51 41 68 16 79 5 47 8 20 73 68 22 84 51 5 58 65 83 6 93 57 90 33 88 64 64 86 83 26 49 54 5 42 62 49 88 36 26 6 72 47 51 94 33 82 90 79 7 
84 88 87 47 5 67 52 88 7 52 86 9 14 67 69 27 98 60 74 55 58 13 84 32 31 27 49 53 63 20 37 10 51 82 48 39 56 61 15 37 70 84 12 58 44 92 26 17 44 26 
12 70 19 68 45 33 17 93 69 70 75 21 91 77 56 78 29 72 86 98 1 41 46 74 68 20 40 44 95 89 33 39 84 33 94 48 38 63 46 32 45 89 29 97 17 3 63 43 19 79 
23 81 59 36 31 12 1 3 18 37 84 78 54 44 77 53 72 32 10 69 42 12 55 85 6 77 12 87 56 92 38 42 20 39 25 94 16 78 53 27 10 70 41 40 5 44 68 1 68 24 
17 63 41 1 54 5 79 91 2 77 27 1 65 26 49 7 6 75 69 60 91 33 42 20 40 20 41 39 1 29 19 9 71 64 8 62 34 69 55 93 43 40 4 74 30 76 56 92 66 86 
16 74 60 83 24 12 62 46 11 17 69 61 24 88 86 14 11 32 66 16 82 37 17 72 17 10 37 41 82 47 98 65 38 48 87 84 97 20 83 98 50 25 87 17 47 24 45 66 40 55 
15 64 19 82 88 2 9 2 27 85 10 84 39 45 97 95 34 33 87 76 75 72 94 65 98 37 90 64 69 80 67 65 9 48 6 73 64 66 54 80 13 18 43 53 84 90 4 4 94 69 
59 93 7 36 81 49 92 79 59 97 41 4 55 86 61 9 91 19 31 21 4 61 52 36 37 55 93 6 4 42 89 57 70 28 94 60 85 80 74 39 38 39 89 65 52 97 95 18 43 13 
11 46 29 72 64 26 69 5 92 2 19 77 9 6 59 60 55 6 98 82 32 44 90 9 11 56 28 7 8 67 66 56 22 38 70 73 11 73 65 56 62 61 66 15 37 2 34 6 52 25 
80 90 30 69 21 6 80 61 44 91 20 12 64 73 36 85 64 57 18 7 84 12 80 15 84 2 76 2 3 38 35 1 21 77 1 74 97 7 73 13 67 71 57 88 47 43 42 32 12 20 
38 66 6 75 45 87 41 27 73 28 5 20 72 80 10 40 35 98 47 66 24 58 97 74 69 41 43 83 23 93 35 41 55 46 86 80 90 57 23 77 71 49 85 60 77 33 14 89 97 5 
1 86 29 37 62 10 77 22 98 39 66 19 33 28 93 29 38 53 19 36 46 65 18 83 5 82 89 6 64 6 33 46 53 16 57 73 89 72 17 67 68 20 48 58 37 68 82 37 11 37 
71 29 58 85 37 19 30 12 21 96 2 94 16 78 37 63 65 73 9 15 97 42 65 80 2 72 63 50 94 58 80 60 2 32 1 67 32 49 19 85 56 68 62 91 61 11 65 38 73 46 
33 17 25 65 46 15 66 79 18 6 16 52 3 47 87 93 88 82 13 52 9 7 62 45 62 77 17 32 96 95 31 56 89 28 55 82 29 90 62 25 77 40 68 34 51 11 96 80 48 48 
92 35 6 23 67 23 72 47 72 49 23 97 39 76 37 68 80 50 46 92 32 74 88 69 13 48 79 68 92 12 4 15 5 26 75 19 71 41 35 24 63 50 41 92 71 5 3 52 81 27 
72 96 14 92 43 33 76 93 73 34 92 90 48 67 14 81 61 53 52 20 45 74 83 87 77 60 78 90 51 25 74 34 6 98 58 50 34 28 38 21 89 96 98 54 26 30 28 33 84 14 
70 10 62 35 35 72 41 66 24 69 23 35 12 72 92 47 23 4 62 78 89 63 44 18 44 47 44 59 32 65 84 16 81 64 69 69 47 42 73 33 98 76 16 7 14 85 86 36 44 40 
42 97 10 71 16 41 89 98 18 68 88 94 14 34 45 53 65 52 25 47 11 64 39 44 84 5 93 75 68 2 24 67 31 73 19 30 17 31 76 69 83 8 48 5 61 27 70 11 25 23 
47 3 67 3 89 76 36 89 77 88 50 45 52 87 84 79 63 82 87 56 66 36 88 55 9 81 47 94 50 25 21 38 72 64 45 61 18 36 92 74 76 73 97 47 68 91 54 69 55 10 
24 11 94 62 77 72 65 21 90 52 23 94 37 53 66 45 59 23 30 6 67 46 35 45 76 69 59 26 47 28 49 6 97 36 97 77 81 34 18 15 22 10 59 27 82 92 20 84 70 33 
4 40 76 31 71 75 66 87 78 82 9 67 63 54 8 12 42 91 67 79 50 55 54 77 43 92 95 64 65 38 54 78 34 49 54 45 22 22 57 87 83 9 28 2 23 32 6 24 28 20 
14 26 27 73 36 66 20 62 83 82 30 70 72 89 98 55 22 48 6 47 11 61 41 32 56 55 45 93 15 37 76 42 39 93 54 97 69 85 50 6 18 25 24 1 43 43 82 19 13 85 
81 40 84 63 42 21 10 59 46 75 79 23 77 31 5 56 86 85 51 58 61 16 2 16 81 81 36 67 6 86 96 80 31 49 80 85 96 67 72 71 94 32 97 58 31 17 52 97 8 78 
46 18 79 91 16 21 20 59 93 56 4 43 74 78 60 5 70 70 36 18 41 37 83 16 23 49 6 96 97 32 92 50 80 39 34 5 64 44 68 45 57 4 65 62 46 61 27 80 72 31 
53 76 41 59 66 86 17 60 68 98 48 28 26 66 36 14 45 56 94 85 34 19 41 66 41 91 15 4 47 97 54 16 88 78 5 96 6 23 54 98 91 14 44 9 51 88 79 96 45 5 
74 57 58 86 22 73 87 39 20 4 59 61 63 48 35 87 78 31 90 80 33 46 82 21 19 1 23 64 45 26 88 36 95 6 4 59 84 80 93 72 70 93 1 19 43 5 37 19 53 31 
5 56 60 61 42 56 71 37 5 40 81 57 52 45 78 77 56 32 64 64 38 15 80 52 62 54 10 61 63 11 61 17 48 52 60 34 49 65 86 4 40 35 54 1 14 76 4 51 21 4 
45 45 25 86 49 19 92 92 21 85 57 90 24 68 15 12 60 39 65 79 77 45 72 1 56 10 34 73 90 32 70 17 22 62 46 24 8 4 95 51 70 59 26 70 82 75 94 7 85 6 
10 44 27 88 78 65 81 42 78 28 74 57 68 33 96 38 40 6 36 31 59 95 84 2 37 27 46 16 34 43 78 87 79 77 86 50 2 5 59 37 16 83 37 79 26 5 31 87 12 91 
59 91 12 42 4 92 26 88 19 21 21 47 16 29 60 2 30 57 39 77 98 6 61 78 88 61 76 20 46 32 42 61 20 43 21 90 66 76 74 26 78 11 84 98 65 33 53 89 33 22 
63 28 68 8 34 55 64 17 59 84 3 14 84 58 95 30 11 24 76 67 61 50 79 6 85 71 61 58 86 86 64 41 45 87 79 10 60 80 44 76 67 8 70 52 83 26 15 7 44 29 
30 76 55 85 12 76 37 96 98 7 38 49 92 37 53 18 98 89 70 3 47 36 50 28 45 32 68 34 98 36 63 66 17 98 8 81 48 67 17 62 53 21 41 81 66 69 63 94 87 13 
86 24 66 16 57 69 22 81 37 89 91 7 25 81 58 36 98 23 29 65 45 55 76 57 9 3 4 71 76 58 89 90 24 94 45 54 89 73 13 63 17 54 87 63 78 12 18 58 24 92 
11 90 49 66 51 37 38 27 4 26 46 75 54 52 56 34 80 91 94 4 51 80 30 37 66 52 77 7 48 24 59 5 51 50 85 81 82 98 35 35 4 33 21 95 22 58 10 86 72 20 
1 11 68 42 16 32 66 2 12 79 55 47 79 95 86 58 45 3 41 79 10 9 41 1 41 11 47 81 57 48 26 77 38 79 89 68 40 54 74 52 95 33 41 87 32 15 76 73 1 21 
87 57 25 12 10 82 43 40 97 19 60 11 40 39 70 39 59 23 91 1 15 49 38 68 31 41 48 3 70 57 36 76 72 55 82 35 73 23 12 27 58 15 51 91 3 25 24 95 22 40 
22 83 35 9 15 92 40 6 27 51 69 75 62 94 34 85 87 64 96 12 72 20 93 69 34 24 33 67 15 57 89 97 83 69 54 13 3 35 77 68 85 79 58 35 28 98 58 41 28 23 
69 44 61 69 69 78 79 40 97 79 3 89 85 6 9 27 42 74 6 81 81 72 3 24 66 16 63 22 52 38 58 78 96 3 97 68 77 67 33 77 4 51 20 2 82 83 79 37 3 43 
65 53 12 32 54 68 57 49 21 35 58 15 62 77 5 32 46 86 64 90 19 11 45 78 43 67 68 19 87 71 66 6 71 16 61 1 94 95 50 82 17 79 66 25 11 17 10 7 75 8 
10 27 27 41 27 54 32 71 83 59 25 1 68 68 32 37 9 31 93 33 2 94 19 19 94 81 71 10 57 88 64 64 44 59 65 74 15 80 89 11 26 59 15 66 42 78 55 19 3 50 
26 37 66 94 35 55 39 87 5 74 73 11 30 61 44 13 85 60 37 58 46 49 11 48 61 45 79 24 64 92 8 52 78 46 79 30 81 78 94 73 1 3 57 71 42 13 17 75 19 83 
37 90 65 53 94 54 60 98 70 89 72 67 59 31 44 74 28 17 10 61 89 61 85 12 71 35 21 77 80 78 27 26 97 95 6 33 39 88 52 65 72 35 81 92 45 88 1 20 51 55 

2 7 9 2 8 1 1 7 8 9 8 1 2 2 7 4 7 6 5 8 9 4 4 6 2 6 9 3 7 3 8 5 4 3 8 8 5 6 1 5 6 1 7 9 4 6 7 6 2 8 
8 8 4 6 2 1 7 1 9 4 6 7 3 7 1 5 4 2 9 1 5 8 1 5 8 5 5 9 3 1 9 5 3 7 2 8 3 4 5 1 4 9 2 1 5 3 3 6 6 4 
2 9 1 2 4 3 1 5 4 1 9 7 7 8 3 7 3 1 5 6 8 3 7 4 7 1 6 3 2 9 6 3 2 7 7 7 7 6 5 1 3 9 9 7 8 9 4 4 6 6 
1 5 8 9 7 1 8 1 4 8 7 1 9 2 3 6 2 7 3 8 7 3 1 1 2 7 1 2 6 3 3 8 1 3 2 3 6 2 6 3 4 6 1 2 9 5 5 9 7 4 
9 8 6 9 3 7 3 2 7 4 3 9 5 6 3 5 2 1 8 9 7 7 3 3 7 9 2 5 7 5 5 4 8 8 9 7 2 6 4 6 8 4 6 5 4 5 4 1 7 1 
7 8 5 8 4 1 8 7 7 7 4 2 6 5 5 1 2 2 3 5 1 3 7 4 4 4 7 4 2 4 1 7 4 3 5 7 6 4 3 7 4 6 4 3 7 7 3 8 8 6 
5 4 9 5 8 4 3 9 5 2 5 1 7 3 3 5 1 5 6 5 5 2 2 6 6 8 1 2 5 3 9 2 4 5 4 1 6 5 3 5 2 7 5 2 1 1 1 5 2 2 
8 5 1 8 9 4 6 4 4 4 1 4 6 5 9 7 1 9 1 6 9 2 1 5 5 2 5 5 7 6 7 4 5 1 6 3 4 4 3 7 1 9 1 7 5 8 1 5 4 1 
8 9 7 5 7 8 2 5 4 3 5 6 6 2 1 9 2 7 5 9 7 1 9 6 1 6 5 8 4 9 3 6 8 4 6 1 1 1 1 1 7 3 1 5 2 6 9 7 4 7 
4 3 7 2 4 1 4 1 7 9 9 9 5 8 5 6 6 2 1 2 9 9 7 1 4 9 4 6 1 4 3 3 3 5 9 4 7 1 5 9 5 7 7 7 8 1 1 1 1 1 
7 8 7 9 2 9 2 1 3 7 2 8 5 9 8 2 5 3 4 7 9 8 1 1 9 9 4 6 2 3 1 9 2 7 3 2 1 7 9 8 9 2 6 2 2 5 8 2 2 8 
8 8 8 9 8 8 3 8 3 6 1 4 4 3 8 4 7 9 3 1 1 6 3 3 1 8 4 9 6 9 4 2 1 3 7 7 6 4 1 7 3 5 2 7 3 3 9 2 4 1 
5 9 4 1 7 4 2 8 5 1 1 5 4 9 6 1 4 7 4 6 8 5 6 9 2 8 6 9 5 4 3 7 2 9 7 1 1 2 7 5 7 8 9 1 7 6 8 6 3 8 
1 5 8 2 4 1 6 7 4 1 1 7 6 9 9 6 6 6 7 4 1 1 4 3 2 6 7 8 9 5 6 8 3 9 2 3 6 6 6 1 1 2 4 6 5 1 6 8 1 8 
5 7 4 8 1 1 3 8 8 3 1 4 5 5 7 9 1 7 5 3 4 9 1 4 2 3 5 4 7 7 2 5 7 6 5 9 3 5 9 3 6 6 9 1 4 8 8 2 1 6 
3 7 7 9 8 3 4 3 4 6 5 2 4 6 4 1 9 2 3 9 6 3 5 6 2 1 6 2 6 3 8 2 9 5 6 6 6 9 7 7 9 8 6 2 5 2 4 7 6 5 
7 4 1 1 7 1 7 3 1 5 2 9 7 1 4 4 4 5 9 2 1 4 6 8 8 2 5 1 6 1 4 4 7 6 9 9 5 2 8 7 5 7 4 9 7 7 9 3 7 9 
9 8 7 9 5 4 2 7 9 1 5 5 1 6 9 7 5 1 7 7 9 3 9 3 5 1 1 3 1 9 6 2 6 2 4 7 9 6 5 4 6 4 4 2 7 7 3 8 4 8 
2 2 2 6 9 2 7 8 4 9 7 4 9 6 8 3 4 5 6 1 5 2 1 1 6 7 1 6 1 3 2 3 3 7 1 1 4 8 1 7 4 7 8 6 1 4 6 8 8 5 
4 2 4 3 4 7 7 2 3 4 4 6 5 9 6 1 3 6 1 8 5 3 7 3 2 3 7 5 6 3 2 1 2 6 3 7 6 5 3 4 8 8 8 8 2 6 5 8 8 5 
8 3 6 8 9 5 1 8 2 7 8 5 8 6 7 8 1 3 4 4 4 8 1 8 2 3 9 4 3 7 2 9 4 8 7 5 3 3 3 2 7 2 2 1 8 9 7 7 6 1 
8 2 9 3 4 9 4 4 2 9 8 8 6 1 2 6 1 9 3 7 3 2 3 7 8 9 3 3 7 6 9 8 6 4 7 4 2 7 7 1 5 6 5 3 2 2 9 1 2 3 
8 7 8 9 4 3 6 6 4 9 3 8 6 6 5 8 2 3 6 3 7 9 4 7 3 5 9 8 4 5 8 6 1 5 7 6 5 9 7 1 1 4 9 6 5 3 5 5 1 9 
3 7 1 4 1 2 3 6 3 5 6 7 2 2 2 1 3 1 6 6 1 5 8 3 2 8 8 3 3 5 9 4 6 5 1 8 4 2 5 9 6 6 8 9 7 6 7 3 9 4 
7 8 9 1 2 3 8 4 9 4 8 3 5 7 2 1 1 2 8 3 5 7 7 5 5 9 5 9 5 9 9 6 7 6 3 8 5 8 7 3 9 9 1 3 9 3 9 3 9 5 
2 8 3 2 7 4 9 8 4 1 7 3 1 1 7 1 8 9 1 1 9 4 9 3 1 4 1 9 2 5 4 3 6 3 1 9 1 3 8 5 5 1 4 4 8 9 2 1 7 5 
8 3 8 9 7 4 1 3 6 4 4 8 9 4 9 4 5 2 8 7 3 7 1 1 2 7 9 4 4 4 5 8 2 9 1 1 8 4 6 3 1 7 8 5 1 5 1 4 9 5 
5 5 1 5 5 5 2 3 8 8 5 5 2 7 1 3 2 9 2 9 6 6 7 6 9 4 3 8 4 4 2 6 3 5 2 3 7 7 9 7 2 3 2 2 8 9 4 3 3 4 
1 8 8 5 1 7 3 2 8 6 5 5 9 9 6 7 3 8 8 8 2 5 5 3 7 2 1 2 3 4 7 6 1 7 2 1 3 6 7 8 2 7 2 1 1 1 6 2 7 6 
1 8 7 9 9 9 3 2 6 9 3 4 1 5 7 3 8 7 5 3 1 6 9 9 4 8 5 2 7 7 1 3 2 8 3 6 6 7 5 2 4 1 5 3 8 3 7 3 3 2 
5 3 4 3 3 1 9 4 1 9 2 4 4 5 8 5 2 8 6 1 2 9 5 1 8 2 8 6 1 1 1 4 4 6 9 9 5 1 8 7 6 6 1 3 7 9 9 7 3 5 
3 5 2 5 5 8 8 7 5 1 7 5 6 4 1 2 8 3 6 2 7 5 3 1 7 7 8 5 8 7 1 5 8 1 1 5 1 9 7 6 5 7 8 4 9 1 6 5 2 3 
1 5 9 1 5 5 2 4 5 5 8 9 1 2 7 2 5 2 9 7 6 1 2 2 5 7 8 3 5 6 2 7 4 8 2 9 9 6 3 3 6 5 8 9 8 7 9 5 4 2 
6 7 4 4 7 3 2 1 4 2 2 2 5 5 7 4 8 4 2 7 1 6 6 9 5 9 3 6 6 9 2 4 1 3 6 2 1 1 4 2 5 3 7 9 8 4 2 3 3 5 
3 4 5 6 7 3 1 6 1 2 2 8 9 8 3 8 9 4 5 7 5 4 9 5 2 1 6 7 9 4 7 9 7 3 5 8 7 6 4 1 4 6 1 4 2 7 2 6 6 7 
1 4 5 1 4 7 9 6 9 5 4 2 3 4 1 8 2 5 7 7 2 6 5 5 5 6 5 3 1 9 7 5 7 9 5 7 4 3 2 4 2 5 4 3 7 8 4 9 3 5 
2 8 2 3 3 5 6 1 5 1 8 4 9 4 2 7 2 7 6 4 8 9 4 6 8 4 9 3 9 2 5 2 2 1 8 5 2 3 5 3 7 4 9 1 8 6 8 6 6 4 
2 4 6 8 7 6 3 9 3 8 5 9 9 6 7 9 4 3 8 8 4 7 2 1 3 8 8 8 2 4 8 1 8 2 9 7 6 9 3 1 7 1 8 3 3 6 4 6 8 9 
2 9 2 8 8 6 9 7 5 9 1 8 9 2 2 6 2 7 9 1 8 4 9 4 8 9 4 2 9 9 3 4 5 9 4 4 2 1 5 3 1 1 7 7 3 9 8 1 9 4 
2 4 5 3 6 2 4 8 1 7 7 3 8 5 7 4 3 3 3 1 3 1 3 1 1 2 2 7 1 7 1 1 3 5 3 7 7 8 2 6 3 9 4 1 2 7 2 9 1 8 
2 6 9 2 3 5 7 5 9 7 1 3 4 2 4 7 4 6 7 4 3 9 1 9 5 9 2 6 2 3 9 3 9 9 6 1 9 6 6 3 6 4 8 6 8 2 9 8 4 1 
7 1 7 6 9 8 8 3 5 2 9 8 7 8 3 3 3 6 7 4 1 9 3 3 9 9 7 9 5 2 1 4 9 8 8 1 9 8 9 6 1 8 7 6 9 3 5 8 8 3 
3 7 1 5 9 9 9 3 3 5 5 5 4 1 2 8 9 8 1 5 8 2 9 8 3 9 8 9 5 1 8 8 8 4 9 7 5 1 8 3 9 2 5 5 3 8 9 5 4 7 
9 9 4 5 6 7 5 8 3 7 1 7 1 8 5 3 2 9 1 8 5 2 9 1 1 8 5 1 9 8 7 3 8 4 4 1 2 5 1 4 1 9 8 6 9 3 6 9 9 4 
2 7 4 9 6 7 7 5 1 9 4 5 3 7 8 7 8 1 7 3 5 6 5 8 4 2 4 1 7 7 4 5 7 3 5 4 8 7 1 9 7 3 7 4 4 6 6 7 6 8 
7 3 3 5 2 7 8 3 6 7 2 4 2 1 3 2 2 6 5 8 2 3 2 7 2 6 5 2 4 2 9 1 1 5 5 4 4 9 4 7 3 5 3 7 7 6 5 2 1 8 
4 6 3 3 2 9 5 6 5 2 6 3 9 9 9 2 5 6 9 9 5 5 7 7 1 4 9 4 2 9 9 6 5 2 2 1 6 7 9 6 6 5 3 4 7 3 9 9 6 6 
3 7 6 1 5 6 7 1 7 1 6 6 6 8 7 8 7 6 8 3 7 7 4 2 7 1 3 6 1 5 3 6 3 2 8 6 3 8 6 8 7 3 2 3 1 2 2 1 1 2 
7 8 7 9 3 3 9 4 5 4 4 8 6 9 8 1 4 4 4 8 3 9 4 4 7 1 8 4 1 1 2 6 4 3 4 4 4 2 1 6 8 8 8 7 4 8 5 6 6 6 
9 7 2 8 1 4 7 5 3 5 5 6 5 2 5 8 6 3 2 8 9 2 1 6 9 9 2 7 7 2 8 9 4 7 2 8 2 6 7 2 9 3 9 4 7 5 9 8 2 5 

49 14 9 26 43 4 49 38 13 23 34 14 22 8 44 14 0 4 7 8 48 35 12 6 22 23 47 34 46 6 45 28 43 12 3 47 47 27 9 4 22 39 47 27 14 31 46 6 10 43 

388 772 791 2094 902 2508 2643 2755 2225 2821 1917 2016 1329 432 1049 1232 1918 2661 2356 1655 927 134 2262 2331 2299 2740 1624 828 1125 2920 854 2802 1873 2432 101 169 153 1114 2159 1930 673 2260 943 1343 574 1932 351 999 2370 1904 