70 70 

15 22 62 53 72 40 2 7 85 82 17 1 11 59 76 89 79 96 30 41 90 67 98 23 14 89 62 11 94 63 24 60 47 25 24 5 65 38 26 43 4 29 40 80 8 21 48 27 34 52 40 25 44 21 14 77 30 40 88 51 36 53 43 76 91 21 1 15 35 33 
92 42 98 85 40 24 62 45 72 41 69 83 46 66 83 21 86 33 92 69 64 91 3 25 67 40 14 69 92 14 50 68 86 30 83 87 35 73 71 80 32 42 34 52 24 64 20 55 6 12 69 51 72 4 30 21 14 10 4 65 52 67 88 51 94 73 51 44 20 15 
19 19 58 14 75 46 84 95 44 91 38 62 91 48 66 1 8 54 10 63 71 50 29 90 15 75 2 91 84 57 39 28 12 15 17 85 47 28 79 73 84 59 5 9 9 84 7 97 13 42 26 79 38 31 42 19 36 21 85 3 50 55 23 49 33 29 81 8 35 47 
54 1 62 52 10 24 75 18 83 29 98 56 90 7 45 80 10 35 63 6 34 81 18 81 63 27 81 32 64 24 55 8 37 94 33 80 89 37 86 49 68 48 97 19 66 89 9 7 73 2 75 52 35 57 33 4 83 66 49 38 36 41 83 49 54 79 40 35 21 12 
45 20 15 60 95 51 49 95 20 28 97 12 66 30 74 55 66 94 30 42 43 5 43 66 30 33 82 60 57 86 37 67 22 96 43 23 51 1 66 24 83 57 98 78 93 85 36 48 42 76 42 87 63 97 3 34 44 64 5 33 95 14 74 43 26 76 5 82 55 67 
74 54 42 74 8 78 91 60 84 47 54 5 25 63 9 91 10 6 31 77 33 44 98 31 23 38 2 55 32 13 63 72 36 27 36 81 11 19 40 64 70 47 30 90 85 41 68 8 77 69 54 36 14 53 61 68 60 46 56 97 89 37 32 81 21 44 5 78 94 3 
73 52 79 84 48 78 89 3 91 44 97 55 91 45 52 79 4 85 76 15 98 84 7 45 64 60 6 32 82 87 32 75 29 97 5 10 29 46 85 16 73 21 92 87 61 49 6 79 89 73 40 40 9 58 73 82 29 6 53 95 97 98 49 62 68 69 25 69 85 19 
13 29 69 65 16 52 51 67 29 92 89 49 88 76 40 73 64 42 83 82 92 90 44 62 8 66 89 35 94 72 68 64 24 97 28 91 41 17 64 88 48 10 79 22 15 72 78 85 44 67 22 77 40 25 57 76 68 98 39 60 71 46 57 79 76 98 16 36 41 27 
33 54 35 71 84 72 33 80 57 43 72 28 77 93 60 10 52 15 20 32 34 98 87 3 45 15 82 55 83 77 57 46 34 89 82 79 17 64 50 5 20 51 72 82 12 12 29 34 66 54 35 16 62 20 35 77 32 20 84 43 91 13 21 64 60 10 93 10 50 46 
64 7 67 58 49 34 8 62 75 97 35 59 10 15 91 82 36 92 38 28 51 71 46 84 56 41 33 35 43 47 72 52 31 66 27 33 29 40 71 19 21 56 65 31 44 57 22 21 17 89 14 17 64 29 29 93 64 52 89 84 97 14 52 32 80 53 2 42 17 93 
68 57 42 30 61 3 79 87 27 19 68 48 19 65 13 3 43 88 92 1 1 33 36 83 24 56 65 93 75 15 38 36 3 66 35 11 18 7 7 62 13 27 65 16 79 81 31 24 4 70 46 33 32 33 61 48 53 24 11 80 31 7 54 11 25 54 83 57 62 39 
88 79 10 60 41 29 4 70 97 77 95 4 54 55 70 63 40 8 82 79 80 42 97 55 72 11 53 13 34 54 79 98 69 81 43 11 86 17 60 97 95 24 7 51 36 60 17 21 81 68 78 5 19 15 95 98 30 84 8 43 41 18 63 25 23 90 59 4 52 14 
64 89 55 29 15 58 96 48 53 95 51 48 42 95 35 17 96 16 51 8 75 67 32 5 86 92 44 7 39 8 56 36 5 64 93 53 75 28 10 81 12 65 64 24 45 31 22 50 25 70 66 59 9 50 12 33 94 52 60 93 86 6 95 68 79 18 89 26 30 5 
91 86 13 30 72 85 8 30 25 42 36 2 95 91 97 39 97 72 85 75 17 44 98 81 3 3 40 15 48 23 74 92 56 81 68 56 65 66 93 71 86 60 70 4 54 83 4 55 54 35 79 49 51 88 14 23 34 24 89 68 90 29 9 72 79 25 2 51 43 45 
38 27 67 48 80 19 14 83 51 74 63 62 36 74 11 64 94 16 9 34 78 41 65 43 85 96 34 95 41 74 34 80 60 51 53 2 88 54 45 32 12 90 85 41 47 92 37 7 52 54 13 75 26 14 42 8 33 50 2 8 76 59 22 6 93 96 74 42 14 75 
36 52 47 32 46 72 20 65 39 9 57 83 47 76 4 88 98 1 41 28 69 72 77 48 37 17 71 33 31 27 67 33 63 86 68 67 2 85 82 72 35 51 29 2 40 47 38 35 56 25 14 34 47 48 33 81 5 95 5 16 65 81 30 16 47 85 86 91 73 35 
30 52 10 14 47 16 92 7 49 76 71 23 34 31 52 17 34 93 73 4 93 18 52 85 90 14 90 43 31 83 16 26 85 39 43 27 85 35 4 31 78 38 46 26 78 64 67 71 82 37 68 96 21 20 42 29 86 59 98 46 31 93 14 61 30 38 89 37 12 29 
91 11 53 34 10 76 39 21 33 76 16 80 22 89 60 16 82 2 31 61 57 36 88 57 36 23 32 26 97 77 17 43 22 63 15 43 91 26 25 88 33 7 14 89 35 40 23 50 20 86 11 74 97 55 35 24 1 83 23 8 24 81 22 1 49 54 54 64 12 57 
83 47 57 39 48 75 93 53 61 79 48 1 13 16 22 81 50 53 15 46 55 37 25 55 40 6 84 52 6 5 90 55 92 13 25 17 28 60 21 29 41 65 41 41 56 28 61 58 76 41 13 55 74 39 95 21 42 30 49 8 36 18 29 34 6 32 2 98 63 95 
83 85 14 40 73 84 24 87 59 3 98 77 96 86 30 52 97 64 23 62 54 24 24 23 17 56 21 82 80 80 71 58 17 55 98 8 14 68 83 67 44 77 44 63 27 92 18 41 49 4 74 73 75 58 3 57 72 84 31 49 25 83 95 51 10 51 77 34 65 18 
37 72 37 62 41 87 4 87 59 98 14 68 8 54 66 20 66 87 85 74 29 54 58 70 26 64 79 49 9 43 82 75 1 33 79 55 88 54 33 36 22 72 44 47 17 9 15 7 64 55 1 31 10 92 69 70 30 67 2 5 98 23 91 84 18 80 83 22 82 11 
95 45 40 7 79 26 43 65 70 67 66 84 26 27 82 1 75 94 21 81 51 52 14 13 52 15 66 24 23 13 2 63 71 87 93 68 71 38 44 50 6 25 59 92 62 50 27 56 38 79 64 27 51 19 98 75 9 22 54 4 71 23 32 62 98 14 14 2 75 22 
7 66 39 14 45 27 75 76 13 47 44 74 62 79 12 5 1 6 67 62 81 14 57 52 40 17 61 86 44 66 24 80 80 28 97 9 94 20 18 13 28 33 94 34 52 43 84 81 74 38 3 46 42 79 10 91 1 71 67 25 14 77 40 81 63 12 60 37 5 95 
79 32 41 37 61 28 18 95 98 46 73 1 81 30 90 53 28 37 36 65 70 73 84 53 29 79 45 14 59 25 96 27 33 25 89 61 82 72 88 36 71 39 19 35 79 39 50 8 45 54 52 86 12 6 59 20 84 9 80 8 13 9 10 13 65 58 37 51 62 95 
50 29 16 39 50 32 43 83 54 23 56 57 53 6 84 81 90 81 88 62 46 22 73 95 77 61 28 58 46 4 36 74 52 48 12 52 38 61 26 31 13 11 26 15 57 44 68 12 65 6 81 96 35 43 24 56 9 81 56 29 49 62 63 45 69 94 84 50 71 20 
6 41 26 85 72 12 71 51 33 58 51 42 84 13 79 79 28 34 16 89 81 88 38 62 47 32 15 28 43 31 17 62 49 34 3 9 95 76 76 61 41 70 89 34 7 87 78 49 43 88 95 94 72 59 69 85 76 93 29 14 22 75 35 30 30 25 42 83 31 19 
29 24 46 82 39 26 44 7 2 14 56 2 56 85 31 31 45 72 85 50 18 63 80 33 38 13 67 63 68 90 63 16 12 60 54 28 2 95 18 64 71 82 63 15 89 41 65 55 20 51 29 36 38 55 96 14 42 43 42 32 74 57 17 28 80 35 41 35 80 58 
75 60 78 86 71 12 21 27 33 11 65 70 94 26 79 10 16 5 19 5 5 4 33 41 19 57 78 19 56 45 89 88 68 56 64 39 48 33 53 91 82 72 23 5 5 47 92 18 6 29 91 54 9 93 91 55 52 31 51 79 67 68 48 93 90 58 42 8 29 40 
12 77 4 12 79 39 59 51 17 47 38 31 40 7 88 60 12 86 9 72 61 21 43 62 28 50 16 84 16 94 40 46 7 33 29 67 20 57 8 33 18 53 59 14 75 42 7 14 46 1 93 89 79 82 79 60 45 34 46 74 95 19 76 32 48 20 10 75 97 19 
14 85 32 64 62 22 63 34 81 26 73 11 5 22 3 73 42 56 81 29 88 95 7 44 3 49 60 73 40 98 37 11 21 42 8 34 71 39 26 38 45 69 92 59 60 25 44 52 23 70 82 21 59 93 58 3 75 17 11 94 71 87 62 66 72 81 69 65 84 58 
53 93 37 57 22 9 52 24 97 86 5 36 2 67 19 50 2 31 74 15 7 27 93 64 90 41 85 7 93 51 66 47 61 25 30 81 50 82 16 84 87 74 96 32 95 90 9 21 29 74 2 73 6 55 94 82 3 64 55 96 26 75 92 55 31 75 7 67 81 23 
69 66 48 83 84 17 79 52 80 92 10 7 92 77 87 7 89 29 36 90 8 17 88 18 68 43 68 17 93 41 69 15 3 55 16 72 11 60 71 91 81 88 95 2 73 92 63 21 84 72 67 19 3 41 34 16 94 86 51 73 97 97 58 63 81 29 52 21 53 52 
74 52 70 12 4 97 59 89 86 61 30 49 25 69 79 56 22 89 39 75 3 14 54 13 12 51 51 77 9 84 62 92 49 69 46 98 16 41 97 36 51 49 75 36 69 10 85 95 46 47 33 23 49 80 59 53 88 53 39 68 74 19 30 98 32 33 97 72 30 33 
32 51 12 14 73 10 44 69 89 59 61 12 19 92 30 39 94 87 90 49 46 54 24 76 89 56 83 59 90 91 58 28 64 98 22 8 70 97 67 90 32 74 59 20 90 85 25 48 83 77 76 70 61 68 68 69 1 78 52 23 63 89 55 63 42 11 4 44 26 78 
26 37 18 30 34 75 29 76 65 19 7 12 43 18 1 18 32 80 25 36 65 60 70 84 20 9 62 31 7 9 82 65 26 10 24 72 28 94 46 3 21 35 43 60 62 80 8 44 62 98 45 27 24 70 24 69 4 45 25 51 58 80 81 72 93 75 73 12 29 63 
60 18 96 55 59 26 54 94 91 36 79 65 77 87 26 34 95 20 12 16 74 73 62 14 74 18 97 78 13 22 70 63 32 75 59 9 49 12 12 37 23 7 88 53 83 87 22 52 70 72 20 7 92 50 61 96 79 76 89 98 52 36 91 9 51 39 58 13 28 44 
87 15 66 15 48 97 7 70 32 31 67 41 38 3 91 23 95 18 50 66 20 49 87 15 4 17 53 94 29 5 66 95 68 43 45 17 38 83 61 84 29 21 33 68 93 40 62 83 42 47 46 27 83 87 59 95 14 92 22 55 75 86 32 42 75 72 65 28 41 20 
94 9 42 96 37 61 18 94 38 32 40 53 16 38 57 19 28 54 47 74 76 34 38 58 2 6 54 21 38 9 48 10 41 74 36 32 37 68 17 2 10 8 83 30 84 92 88 48 51 29 88 97 43 95 63 15 22 49 10 77 1 15 88 60 6 86 73 40 32 10 
40 97 31 83 86 57 62 61 86 87 79 62 5 81 55 39 62 5 12 79 86 45 13 34 14 85 37 10 70 5 11 35 58 70 87 27 76 74 94 92 74 44 73 82 50 30 34 45 40 18 5 67 74 12 6 52 39 16 32 90 37 25 92 41 86 75 16 86 85 3 
71 80 69 89 38 55 49 68 77 33 64 35 80 95 29 76 35 67 51 15 10 67 14 43 14 81 31 33 17 58 79 91 61 10 53 76 80 45 26 31 41 26 47 24 3 5 64 92 22 2 13 73 77 26 31 17 27 2 82 46 11 63 36 46 2 89 59 67 15 64 
60 78 1 8 78 91 80 57 7 61 37 6 39 55 67 1 5 70 98 24 57 12 59 12 49 14 29 46 51 13 40 71 87 84 56 4 32 61 90 42 81 14 88 3 70 94 63 6 35 91 87 1 41 49 14 52 40 70 45 7 53 41 89 1 75 55 46 95 92 27 
77 73 31 64 23 42 48 65 90 23 7 26 3 13 56 44 74 79 16 36 15 97 68 11 17 84 97 10 10 66 9 34 78 42 27 46 72 74 77 59 92 47 18 76 50 95 7 53 9 20 76 78 85 5 87 68 76 49 67 44 66 12 5 21 85 25 24 16 2 16 
70 4 82 40 4 55 52 18 83 22 2 65 26 42 41 33 96 17 36 66 35 57 91 71 74 92 20 70 53 66 62 85 6 73 19 78 39 21 98 1 20 40 24 81 44 17 90 7 45 58 62 84 92 24 69 12 20 95 63 30 2 3 32 35 50 4 56 16 32 70 
34 24 45 63 21 63 36 94 46 70 76 4 20 24 50 77 63 87 7 84 29 83 41 61 12 73 16 18 34 6 21 96 94 15 62 49 18 98 25 7 6 9 41 70 1 49 15 82 44 70 21 68 43 89 89 58 12 41 20 86 94 60 85 54 77 37 25 91 28 57 
23 83 15 14 13 14 78 52 93 43 63 57 10 89 93 11 9 81 82 57 49 43 44 63 76 9 29 6 48 64 86 5 21 28 50 30 12 47 36 86 91 36 66 44 81 61 30 85 32 6 19 41 67 60 1 30 87 43 94 55 68 1 41 13 47 36 83 64 43 46 
20 51 44 37 30 36 88 77 92 58 16 20 6 2 13 88 54 92 3 74 97 26 49 79 79 4 38 34 86 53 36 28 69 2 75 61 74 10 36 59 7 7 61 50 45 84 32 19 3 75 29 85 67 7 76 61 16 1 88 78 15 24 24 76 5 21 23 81 37 65 
19 72 45 29 70 87 89 16 7 44 86 90 23 25 28 98 90 50 25 64 54 82 79 86 22 61 18 41 65 97 34 81 87 95 84 82 19 70 92 7 91 72 86 3 4 47 94 67 48 79 88 36 75 45 78 29 86 5 35 4 97 96 15 87 95 65 25 40 84 65 
74 92 97 62 90 70 23 38 22 89 48 20 76 81 46 70 12 69 59 59 12 6 16 74 90 38 10 80 42 73 46 43 36 42 97 33 20 13 28 12 63 50 92 62 94 44 51 54 86 86 68 41 17 41 23 70 64 15 58 30 66 14 7 24 79 11 68 63 82 92 
3 18 98 6 13 20 89 7 55 41 73 71 75 13 65 61 50 94 59 32 43 39 80 45 84 11 16 69 79 58 52 98 66 82 8 93 49 12 67 46 64 12 90 61 78 33 43 66 72 45 40 16 77 30 40 57 32 28 7 94 44 22 58 67 24 31 46 78 27 39 
11 86 80 41 10 4 75 82 32 28 74 84 45 39 53 56 44 21 52 66 87 88 39 30 58 36 84 67 52 95 69 53 63 94 79 14 45 53 20 12 87 45 31 26 43 91 80 93 94 83 21 42 41 31 79 59 83 36 85 15 93 48 52 58 29 16 14 92 71 98 
93 58 90 49 64 6 52 64 96 74 76 83 23 21 85 64 32 45 44 69 75 47 87 54 83 58 51 65 24 58 60 3 56 3 10 73 10 63 45 60 86 64 8 66 41 49 3 31 52 16 26 73 98 42 35 82 96 63 43 77 1 98 27 70 13 29 83 66 72 91 
8 44 56 12 79 47 97 8 75 35 65 84 56 9 69 75 73 20 52 38 23 91 28 49 20 41 85 10 43 64 50 91 47 48 13 73 75 57 92 81 82 43 97 86 45 23 61 2 2 67 24 65 84 72 56 54 67 53 44 21 51 49 53 51 48 60 90 72 38 32 
57 40 96 46 40 57 32 96 60 23 23 47 82 71 12 70 91 55 93 85 58 96 6 69 84 65 62 81 51 94 20 63 61 25 64 9 67 72 68 62 6 48 70 61 6 8 96 72 1 26 71 57 75 50 64 29 39 15 66 88 46 49 5 66 38 58 97 22 44 98 
23 59 21 49 68 46 29 96 87 92 62 29 13 76 38 36 22 46 32 90 96 62 77 87 90 17 8 53 56 46 11 91 8 66 51 38 7 7 78 85 7 9 78 98 98 78 10 51 87 81 48 28 30 45 3 89 12 24 69 66 60 6 67 69 41 84 98 31 12 29 
4 82 85 50 85 61 82 45 93 34 33 38 15 54 85 79 80 62 23 14 36 20 67 26 93 58 59 98 94 37 44 82 2 56 38 78 78 40 31 88 64 52 94 74 59 69 47 26 5 86 73 77 12 49 31 25 6 73 25 19 13 30 93 20 51 89 33 92 29 53 
36 88 37 24 3 59 28 48 15 7 97 20 54 47 21 29 55 9 78 41 39 9 45 59 26 67 90 98 83 56 83 38 84 56 77 68 98 95 35 50 62 56 2 88 50 96 55 69 34 4 3 39 27 34 30 93 53 8 70 68 51 29 35 69 97 97 59 54 46 19 
83 19 4 94 84 82 14 37 62 24 29 11 20 65 19 97 58 11 17 82 43 2 78 27 15 64 44 29 4 33 69 25 46 37 2 92 85 40 21 60 29 26 30 11 64 3 42 93 56 8 56 38 1 21 21 6 41 43 34 80 73 60 40 30 32 47 65 15 3 78 
64 75 21 2 93 60 88 2 26 87 59 94 9 93 92 96 9 16 57 14 73 63 18 92 22 13 91 34 30 41 5 96 26 24 18 95 73 89 41 87 5 19 62 70 85 15 15 43 1 3 12 36 26 56 90 45 30 26 7 1 92 58 98 23 54 72 24 10 44 7 
13 27 71 85 36 1 2 30 50 60 36 48 52 73 89 81 66 74 92 80 33 79 40 96 28 11 5 87 15 31 88 93 92 29 91 7 61 11 15 42 38 35 62 57 10 65 95 81 86 72 3 57 85 38 4 1 29 38 64 93 34 34 13 58 33 84 88 2 98 62 
93 18 62 1 40 35 46 90 27 33 40 84 10 23 91 24 84 83 82 32 56 51 72 33 65 35 72 54 31 19 43 18 80 30 53 96 18 45 73 39 46 15 88 94 80 49 82 53 93 50 35 66 46 95 33 93 37 93 77 95 50 25 74 38 84 50 5 59 89 95 
26 51 60 46 67 20 41 9 82 59 71 23 59 31 8 79 52 22 22 76 16 59 71 32 14 5 88 31 88 40 26 7 97 28 58 26 20 62 35 13 57 72 28 79 80 57 51 53 87 23 70 84 91 56 13 90 72 4 17 26 60 51 68 7 18 32 84 28 35 97 
90 25 70 76 43 95 6 65 36 50 74 10 59 15 65 6 23 44 64 90 66 36 25 69 43 33 39 50 17 59 92 77 19 31 52 94 2 96 42 57 29 39 57 83 58 33 93 83 60 21 34 59 31 39 16 68 7 30 88 57 12 84 97 24 65 16 88 78 13 92 
1 66 21 43 69 95 77 71 39 27 36 18 48 96 44 84 85 38 70 37 46 73 26 81 18 59 12 97 69 7 67 79 72 59 46 41 80 88 91 74 8 29 52 45 3 93 45 46 36 68 33 10 73 27 61 62 31 37 59 2 3 78 36 74 53 21 10 18 97 14 
1 24 55 26 54 64 89 91 73 93 54 56 11 29 34 71 53 38 32 49 87 89 72 61 91 12 53 9 45 36 26 72 37 18 84 39 1 16 20 21 34 8 31 24 43 56 59 97 38 40 89 49 29 22 81 16 68 54 26 76 66 2 13 40 67 29 16 98 34 60 
72 80 36 27 9 71 58 72 72 43 40 28 98 7 93 83 37 48 87 53 68 11 18 52 88 28 45 93 60 61 54 31 83 45 74 50 63 23 53 90 44 26 65 48 35 40 11 97 38 46 1 10 95 15 49 12 23 46 13 53 67 74 5 39 37 58 49 64 85 3 
67 54 61 61 31 48 38 13 85 10 10 21 20 97 37 72 53 17 96 83 30 66 76 6 58 44 48 3 67 59 75 34 74 21 61 44 90 69 9 76 84 14 5 98 66 67 96 91 19 80 61 86 45 65 70 50 36 52 97 49 17 27 12 20 87 38 17 27 74 11 
77 2 62 33 73 31 22 62 77 13 97 46 70 81 30 52 55 22 2 96 41 20 37 51 14 13 22 80 98 74 96 38 46 60 70 39 62 21 24 64 43 39 55 53 4 86 18 77 3 64 39 23 69 82 93 11 51 67 92 51 59 86 53 89 73 29 35 79 93 28 
86 25 94 10 17 42 75 46 3 52 11 35 2 14 92 64 51 50 88 95 45 11 41 77 22 56 82 72 45 83 78 74 3 62 43 31 69 91 94 27 98 59 94 32 98 75 73 30 14 42 88 11 89 29 42 40 51 21 97 18 24 53 32 93 56 16 93 49 22 47 
67 65 10 12 45 38 66 38 2 39 2 64 4 72 12 1 55 19 10 76 86 76 95 90 85 24 36 19 38 35 68 96 24 15 37 45 17 30 71 71 19 81 1 57 55 89 86 34 8 3 75 89 49 91 48 97 85 19 88 64 31 37 15 17 82 13 28 25 25 2 
22 83 90 55 70 14 3 39 25 39 55 33 42 28 72 59 87 18 25 48 69 27 74 68 64 24 45 71 9 3 93 9 78 49 64 72 21 96 82 53 56 29 89 96 43 42 38 43 30 42 90 1 1 25 3 65 22 76 61 18 50 4 32 43 76 90 41 90 30 27 

8 1 7 6 4 8 9 5 4 7 3 7 7 1 7 2 2 1 9 8 2 8 6 6 6 5 6 1 1 1 3 9 7 8 1 4 4 1 9 8 3 1 6 5 8 6 6 6 7 1 2 2 8 5 9 6 1 6 6 3 7 9 4 4 6 8 1 4 9 1 
3 3 3 4 3 8 7 9 4 6 4 4 2 5 3 1 3 5 1 9 7 9 3 6 3 9 1 1 5 5 1 3 7 8 3 3 1 7 4 5 9 3 9 7 6 7 2 3 8 1 9 5 6 7 8 8 2 4 2 1 5 3 8 4 9 2 1 6 2 5 
8 1 1 5 8 8 7 4 7 3 2 6 4 9 7 7 6 6 5 5 7 6 2 4 2 2 1 2 6 8 3 8 3 4 6 3 5 5 2 4 7 9 7 3 4 6 7 7 6 7 7 4 6 6 1 5 9 9 6 7 7 6 4 1 7 2 1 8 6 5 
7 7 4 2 1 7 5 5 5 6 3 2 6 2 7 1 9 2 5 1 7 9 1 5 3 3 3 3 6 3 8 5 4 6 1 7 5 7 1 9 9 6 8 5 7 1 9 1 6 5 8 2 9 5 4 7 6 7 8 8 5 2 1 5 9 7 4 3 3 1 
5 5 3 4 2 6 1 4 7 1 2 6 2 6 6 9 5 4 2 8 7 3 8 2 2 3 1 2 1 3 7 2 3 4 3 8 9 7 8 5 1 5 1 5 6 1 3 2 9 7 1 7 2 2 3 6 6 8 8 6 5 9 2 4 8 5 9 8 6 8 
8 8 9 8 6 8 6 2 4 8 5 3 3 9 3 4 6 3 4 7 2 4 6 4 4 8 6 1 5 2 5 5 8 7 1 6 4 3 6 9 7 7 5 4 4 3 8 1 9 8 5 5 4 2 1 5 8 3 2 9 8 2 8 3 8 1 8 2 2 2 
4 3 5 5 7 3 1 6 2 7 6 8 3 4 4 6 5 8 2 6 9 5 9 1 9 5 1 4 1 2 1 2 1 2 9 4 1 5 4 3 7 2 3 7 1 2 5 6 6 7 4 8 7 2 7 3 7 1 3 5 8 2 4 3 7 4 5 2 5 5 
9 6 6 7 4 1 2 6 6 6 1 3 6 7 5 3 2 4 3 8 6 8 1 4 9 4 9 7 7 4 7 2 5 1 8 7 6 1 5 3 4 2 1 1 2 4 5 9 4 3 7 2 5 1 1 4 3 1 8 2 5 1 8 7 5 6 8 3 5 6 
7 5 2 3 6 8 3 9 7 3 8 6 7 3 7 7 4 1 2 1 1 9 1 6 2 6 1 9 1 5 1 9 2 4 3 2 1 4 5 9 8 3 8 5 1 2 3 1 9 1 6 6 4 7 8 5 7 5 1 4 9 8 2 4 6 1 1 4 4 4 
6 1 2 4 7 7 2 3 3 3 5 9 2 2 1 4 6 7 3 8 5 5 9 2 8 2 3 4 7 3 8 4 8 9 6 2 6 5 3 2 5 6 1 8 2 8 9 1 2 2 6 3 9 1 6 2 1 6 6 1 7 8 3 5 1 8 4 7 1 6 
9 7 9 4 8 1 3 4 6 3 2 9 7 5 6 3 5 5 3 4 3 4 9 5 7 8 4 4 1 7 3 9 4 5 7 6 2 5 8 2 9 2 8 4 6 4 3 4 6 8 7 7 3 8 6 9 6 1 6 5 5 2 4 3 8 5 2 3 5 9 
6 8 2 4 2 2 1 1 6 7 9 1 9 9 4 1 8 1 7 7 6 5 7 6 5 9 9 7 8 6 7 1 1 7 6 9 7 6 2 6 9 3 6 2 8 4 2 2 5 9 5 7 1 7 4 2 9 7 9 8 9 5 5 8 5 4 2 4 8 1 
4 1 6 9 7 6 8 9 9 3 2 9 7 4 8 3 2 6 2 5 6 1 8 1 7 2 8 2 3 2 1 7 6 8 9 5 3 1 4 3 1 7 1 4 1 3 2 1 6 5 8 5 7 2 6 2 3 4 2 7 3 5 5 5 7 1 5 2 4 8 
2 9 8 5 3 8 1 5 5 8 7 6 9 1 7 7 6 3 2 6 3 6 4 6 8 6 7 2 4 4 1 3 6 6 1 5 7 8 7 3 3 7 7 9 2 5 1 6 2 9 4 6 1 4 2 8 1 5 3 4 5 2 5 9 7 8 9 6 2 7 
6 5 5 6 4 6 8 1 4 6 9 7 1 7 4 3 7 7 6 3 9 7 8 7 8 5 9 1 3 6 6 4 5 3 4 2 6 9 6 9 2 5 2 2 5 5 5 1 3 6 6 7 6 5 2 1 3 4 9 8 9 2 7 8 2 1 2 1 9 6 
5 8 9 4 1 6 5 8 5 6 6 7 7 4 3 5 7 4 4 4 3 7 1 6 8 1 1 4 3 4 5 6 1 1 1 3 3 9 5 7 1 7 5 3 2 9 2 1 1 6 4 4 2 1 5 4 6 9 4 5 6 6 7 7 7 9 1 4 4 1 
6 5 5 1 1 7 2 9 5 7 5 4 4 2 7 7 2 4 7 3 5 9 9 2 8 1 1 3 9 6 3 6 7 7 5 9 1 1 1 6 9 1 7 3 5 6 9 3 7 9 1 9 2 6 7 8 3 6 1 7 7 7 4 5 2 2 2 7 1 9 
3 2 4 3 3 8 8 2 3 6 5 8 4 5 9 8 5 6 8 3 2 3 8 2 6 7 3 1 9 6 4 9 6 3 3 3 9 7 8 5 7 9 8 6 7 8 1 9 5 6 7 6 2 4 2 4 2 3 1 4 2 7 8 1 8 2 9 6 2 9 
8 5 9 7 3 7 6 1 7 4 6 6 8 5 4 1 6 2 5 8 3 7 9 8 4 3 5 7 7 7 1 3 5 9 8 2 2 3 7 7 4 4 9 4 8 1 3 3 6 7 2 7 5 9 4 3 1 8 4 9 7 9 9 3 4 9 7 2 6 7 
1 4 6 9 6 9 7 5 4 7 5 1 9 9 4 5 2 5 9 3 9 6 4 7 8 9 3 9 5 6 9 6 3 1 3 1 6 3 9 3 2 7 2 7 2 1 2 4 9 8 5 2 7 8 7 7 2 4 2 7 9 8 5 4 6 8 7 2 8 9 
1 2 7 1 1 7 7 9 4 5 3 3 1 5 7 7 8 5 5 6 3 6 1 1 4 7 7 1 1 2 9 4 4 1 5 5 1 2 7 3 3 3 3 1 7 6 3 7 1 7 7 1 8 5 6 6 2 7 8 4 6 6 2 4 3 7 7 1 7 1 
8 4 9 3 1 7 4 1 8 4 6 4 4 2 1 9 6 3 6 1 8 4 4 2 9 2 4 8 6 6 1 1 2 4 4 4 5 1 5 1 4 1 2 5 1 9 8 5 8 3 8 1 7 1 1 8 8 6 7 4 5 7 1 5 7 6 6 1 8 8 
3 9 8 9 8 6 6 6 2 5 7 9 2 4 3 2 7 7 7 6 9 3 6 6 9 7 8 1 6 7 5 2 4 1 7 4 4 1 6 4 5 4 6 4 9 3 3 8 6 8 9 2 3 4 8 2 1 1 6 2 3 2 7 7 4 2 7 6 5 7 
4 9 8 4 8 4 3 3 3 2 6 6 6 5 8 5 5 4 2 3 5 4 5 3 1 9 6 7 6 4 7 5 4 2 9 2 6 9 3 2 8 8 5 4 7 6 4 1 2 4 2 3 7 8 2 8 5 7 7 2 1 5 5 2 1 3 1 5 5 7 
3 8 7 4 8 2 3 1 2 8 1 6 6 4 9 3 3 7 3 4 1 1 9 1 8 4 5 8 4 7 9 6 3 4 6 1 4 1 3 5 3 7 6 8 1 1 1 3 9 4 1 6 9 5 4 7 7 1 5 5 5 9 7 4 9 7 3 9 8 5 
6 7 7 7 5 8 3 3 2 7 8 9 6 9 5 1 1 7 6 4 1 7 7 1 2 8 3 6 5 8 9 2 9 7 3 7 4 9 8 9 1 3 7 5 3 7 8 6 1 9 9 6 7 8 9 2 9 4 4 1 2 2 5 2 3 3 1 8 7 2 
4 3 3 1 6 8 4 8 6 5 8 3 2 7 6 8 6 2 3 3 9 4 3 3 1 3 2 5 2 1 2 8 2 3 1 2 6 4 8 8 9 2 5 6 8 9 7 3 3 2 8 6 9 1 4 8 3 2 3 3 4 1 3 5 2 3 7 4 8 7 
6 4 3 4 4 2 2 9 5 1 2 2 2 8 9 3 5 5 8 2 2 4 4 1 1 2 7 4 6 9 2 1 6 7 6 8 3 5 7 4 3 5 3 5 7 9 4 1 4 1 1 6 3 4 7 2 4 7 3 3 1 5 8 3 5 8 8 5 5 9 
7 7 7 8 5 6 7 2 2 1 6 8 3 8 8 4 8 1 8 3 8 7 4 9 3 1 5 1 8 3 4 7 9 1 9 1 7 1 1 4 9 7 3 6 8 8 8 8 4 7 9 2 9 2 7 5 1 8 5 4 1 5 7 3 7 8 1 6 8 5 
1 5 2 5 4 8 5 7 4 3 5 4 6 9 7 1 5 1 2 1 8 2 2 3 3 6 4 4 3 7 8 7 5 7 7 1 2 1 9 3 8 3 5 1 7 2 6 1 7 7 7 6 2 6 5 7 4 2 2 4 4 1 6 2 3 6 6 4 7 5 
9 6 4 9 8 8 1 8 5 8 6 8 8 5 2 2 6 4 6 9 4 5 5 9 4 9 2 2 9 5 1 7 9 6 7 7 6 5 9 5 7 3 1 8 5 7 8 9 2 7 4 1 1 5 7 5 9 2 7 3 1 7 9 2 6 5 1 8 7 4 
8 9 1 4 3 6 2 9 6 9 7 8 9 2 6 9 7 4 8 9 3 6 3 4 1 1 8 8 3 4 7 6 4 9 6 2 4 2 1 9 8 1 6 6 9 2 4 4 5 9 7 5 3 7 9 2 5 8 5 2 9 4 6 6 4 9 5 1 7 4 
1 8 1 9 6 9 4 1 8 6 2 5 1 1 7 3 8 1 8 2 2 4 8 6 7 5 2 3 9 9 7 6 2 7 3 5 4 1 1 3 3 9 8 5 4 9 8 2 8 8 1 9 7 2 4 1 2 4 2 1 9 5 4 6 3 4 1 2 4 5 
9 1 2 4 4 7 9 8 3 4 5 3 3 6 5 7 4 2 7 2 1 3 8 8 5 7 9 7 3 2 2 8 6 7 2 9 3 8 5 4 3 7 8 8 2 7 8 4 5 1 7 5 2 9 3 8 6 9 9 1 5 2 5 3 8 1 8 1 4 3 
6 3 8 8 8 1 3 2 9 6 3 8 5 6 4 8 4 8 1 8 5 9 8 5 6 1 4 4 2 4 1 8 3 9 4 8 7 7 8 3 3 3 2 7 5 2 2 8 3 7 5 4 7 9 3 4 5 5 3 8 2 1 5 1 5 4 3 7 5 5 
3 8 1 7 9 8 4 1 8 5 9 1 4 3 6 3 4 4 4 2 8 3 8 7 7 4 3 9 8 4 9 3 8 6 9 9 2 3 4 7 6 4 7 2 4 8 2 3 3 8 9 2 5 4 2 8 9 4 9 3 8 5 7 4 5 7 8 8 7 2 
4 1 6 2 9 2 2 6 9 1 5 6 6 5 6 2 9 4 3 6 7 8 3 2 8 1 4 2 5 9 4 8 3 3 3 4 4 3 1 9 6 9 7 7 3 8 5 4 6 6 7 7 7 2 4 1 6 4 9 1 9 3 6 8 4 4 8 2 6 2 
1 7 1 8 9 5 7 9 6 7 9 6 5 9 5 1 2 6 1 7 6 6 3 3 9 3 9 4 7 1 8 5 2 7 6 6 3 3 8 8 3 1 9 7 7 5 6 4 9 9 1 7 5 3 7 2 1 2 2 7 1 8 9 7 7 3 1 4 1 9 
3 5 2 8 4 8 4 3 4 9 4 7 9 5 8 7 7 4 9 8 7 2 3 9 1 9 4 8 8 1 6 2 8 7 8 1 5 8 1 1 2 8 9 4 5 1 1 8 1 5 4 1 6 6 9 6 2 5 8 6 5 3 2 7 8 4 3 6 6 3 
4 9 1 8 1 4 6 9 7 2 3 4 7 9 2 4 5 9 1 8 9 8 5 8 4 3 1 2 5 7 1 6 6 8 6 2 2 6 1 5 4 7 2 4 5 1 4 8 7 8 2 5 8 3 5 5 6 3 2 6 5 9 7 4 5 7 8 3 7 6 
9 2 5 1 8 3 3 7 4 7 4 8 2 6 7 5 8 4 6 3 8 7 2 6 1 1 3 1 5 6 3 9 9 9 9 2 2 9 6 9 6 2 9 9 1 7 4 9 3 5 6 6 7 4 7 3 5 8 4 2 1 8 9 2 9 8 8 9 8 3 
8 1 7 6 3 7 9 3 5 9 5 5 8 7 4 5 8 7 2 5 9 7 6 1 1 7 2 6 2 1 7 7 1 6 6 3 1 3 8 5 5 2 4 6 2 9 1 4 3 1 6 2 1 5 8 9 7 2 2 1 5 7 3 4 9 2 5 3 9 2 
5 7 4 4 7 4 5 8 3 9 5 5 1 2 5 1 6 7 5 6 6 8 7 7 5 5 2 1 1 2 5 6 9 1 4 6 6 8 8 2 5 6 4 8 3 9 4 6 4 4 4 8 7 3 4 1 7 9 1 5 7 7 2 5 5 9 6 4 9 3 
4 3 4 6 9 3 8 1 9 4 5 9 9 7 7 3 9 1 8 8 1 7 2 1 4 9 1 5 1 2 6 8 1 7 1 1 5 8 7 5 5 3 6 6 4 8 8 9 4 8 7 9 2 4 2 8 4 6 9 8 5 4 1 5 3 2 4 6 9 7 
3 9 2 1 4 4 3 7 3 1 3 4 3 8 6 8 2 1 4 4 3 9 1 2 6 9 5 8 8 1 2 1 2 2 9 4 1 2 3 7 6 5 6 8 4 7 4 1 5 6 4 9 3 5 7 2 4 7 3 5 4 6 6 5 3 1 8 2 3 5 
3 1 1 1 5 4 4 7 2 6 2 6 7 1 3 9 6 2 3 9 1 7 9 5 7 2 2 7 1 7 4 4 8 3 2 4 1 8 5 2 8 2 6 7 9 3 5 1 9 7 8 6 4 9 9 6 4 5 4 2 5 2 4 1 4 8 8 5 5 8 
9 1 9 4 7 5 2 5 4 4 8 4 2 1 9 2 5 8 4 1 4 1 4 8 2 7 4 9 9 7 2 7 6 3 3 3 5 8 7 4 6 7 7 8 2 5 9 1 5 3 2 1 5 2 5 5 3 3 9 3 1 3 8 4 8 5 8 4 5 8 
3 3 8 6 1 4 4 4 4 6 4 9 9 7 5 5 9 3 5 8 3 7 9 1 2 3 7 5 2 1 2 5 9 9 6 5 5 9 7 9 3 1 2 7 6 3 4 5 1 5 9 6 8 6 4 3 6 6 9 2 4 4 7 6 7 4 5 2 6 8 
9 7 6 8 4 7 8 2 5 9 4 3 7 1 1 6 9 5 4 2 3 7 3 8 2 7 4 2 4 4 3 8 7 2 2 1 6 6 3 9 9 7 5 4 1 2 8 9 2 7 6 7 5 3 5 4 5 7 3 7 9 3 9 1 6 6 7 8 5 8 
1 1 1 8 9 8 5 6 2 8 5 3 4 6 9 4 9 7 9 6 8 5 3 4 9 9 5 3 5 9 6 7 6 1 9 4 8 9 9 8 2 5 3 6 2 8 6 6 7 1 3 7 3 3 5 1 8 8 7 7 5 3 2 6 2 1 8 1 8 1 
5 3 6 7 4 5 9 6 9 5 6 6 3 4 1 2 1 1 5 4 7 5 6 6 4 3 7 9 1 7 3 7 3 6 7 7 9 6 6 6 7 2 6 3 9 1 2 4 1 8 6 9 4 9 9 9 3 1 5 4 6 1 3 3 8 7 5 8 7 6 
6 4 9 5 7 8 8 2 6 9 8 2 8 6 2 9 9 8 6 3 1 5 7 6 3 9 4 8 7 9 7 4 4 4 3 3 6 5 3 1 1 9 7 4 6 9 2 4 9 3 8 4 7 8 2 7 8 6 4 8 3 8 7 5 5 3 9 1 2 7 
1 3 9 2 4 3 3 8 5 9 8 9 2 5 6 5 5 4 7 4 2 5 3 9 4 8 3 9 1 8 2 4 3 1 2 6 6 8 3 5 6 8 6 2 9 6 4 8 8 6 8 6 8 5 8 1 5 6 4 4 6 4 2 7 2 2 9 9 2 3 
4 4 7 5 6 5 3 1 3 4 9 6 8 9 8 6 5 2 5 2 1 8 2 2 6 1 3 6 5 5 7 4 9 1 9 3 6 7 4 7 1 9 2 5 6 6 1 7 9 4 2 8 3 2 8 7 2 6 8 3 7 6 4 9 3 6 1 6 2 1 
7 7 7 1 2 3 3 8 3 3 7 4 7 9 6 2 8 7 9 8 8 3 8 8 8 2 9 4 2 9 7 8 5 5 1 3 5 2 1 1 9 2 2 1 2 6 9 4 5 7 2 2 4 3 9 4 2 9 3 9 6 6 7 5 6 5 6 7 8 5 
1 9 6 1 9 2 1 8 6 7 3 9 1 8 3 1 4 1 2 8 5 2 1 5 9 3 9 5 3 3 6 8 8 3 2 1 2 8 1 2 7 4 2 4 3 5 4 8 8 6 8 5 1 4 2 9 9 1 9 1 6 2 9 7 8 7 8 6 2 5 
9 4 7 2 6 9 4 4 6 3 7 3 2 9 6 9 7 2 4 7 4 7 6 3 5 3 5 8 7 9 9 6 5 3 3 7 7 6 5 4 5 3 3 5 7 4 8 5 6 4 9 9 9 7 9 2 2 9 6 3 3 6 3 2 5 2 3 3 4 2 
7 4 1 3 3 4 8 4 7 7 3 9 8 5 6 6 1 6 5 7 2 3 9 2 2 6 4 4 3 7 7 6 9 4 3 4 4 3 3 1 6 1 2 9 5 6 9 3 3 9 2 3 1 3 7 1 8 7 4 7 1 2 8 7 2 1 3 7 8 5 
3 2 5 9 9 5 5 6 5 8 8 3 3 1 1 2 4 7 7 3 1 5 2 4 3 1 2 6 9 4 8 6 5 9 3 6 7 7 3 3 4 9 2 9 7 5 9 7 9 8 3 4 6 3 8 3 1 4 1 3 9 1 9 4 8 2 9 8 9 4 
5 9 5 3 2 3 3 3 9 9 1 1 1 6 8 9 4 9 6 8 2 9 1 7 4 1 9 6 9 6 1 7 5 4 6 4 9 6 6 4 6 5 4 1 3 5 1 7 9 3 6 2 8 2 9 4 9 4 7 2 4 6 6 8 4 3 4 4 5 6 
5 8 8 9 4 4 4 9 6 5 4 2 4 2 2 5 2 4 2 1 2 9 9 3 5 2 4 7 8 7 6 7 4 4 6 5 7 7 5 4 6 4 8 1 2 5 5 7 7 4 1 6 1 6 7 9 4 2 5 3 5 8 5 7 8 8 4 7 5 1 
4 9 9 9 8 3 9 6 1 2 5 6 2 1 2 2 1 4 8 2 9 3 1 7 4 3 6 7 1 3 5 2 4 5 1 2 5 8 1 9 7 2 5 9 3 3 2 4 5 9 6 6 1 5 3 7 9 9 8 9 3 5 8 9 6 4 4 2 7 8 
8 7 4 5 2 5 9 3 3 7 2 5 7 9 7 3 3 8 7 2 9 2 2 9 7 9 9 6 8 2 7 7 6 3 6 5 3 4 9 8 9 4 5 8 1 2 6 4 2 4 5 8 5 3 3 3 2 6 8 2 5 1 1 8 4 7 9 4 4 3 
5 7 6 1 8 1 3 7 7 2 6 6 1 2 6 5 5 5 8 7 3 2 5 5 5 2 3 9 2 6 2 5 2 2 3 8 4 9 3 1 6 6 6 2 2 2 7 2 6 5 1 2 5 5 8 5 4 5 5 1 7 1 9 3 9 4 4 1 7 3 
7 7 4 6 6 2 6 7 6 8 8 8 4 2 1 6 3 1 8 4 8 6 4 9 6 4 6 1 1 6 8 1 4 1 7 2 9 6 2 7 4 3 7 5 6 2 5 2 7 6 7 2 7 8 8 3 3 6 7 3 7 1 1 5 4 9 4 6 2 2 
1 3 8 1 4 5 1 5 3 1 3 5 4 6 9 5 2 5 3 8 5 8 4 5 3 6 6 8 8 9 5 2 3 1 5 2 7 3 2 5 7 3 4 9 6 4 6 4 7 4 7 2 6 9 3 8 4 2 9 1 1 1 7 9 3 7 9 1 1 7 
4 5 5 5 5 5 2 6 6 5 9 6 5 9 2 4 2 1 4 2 8 8 6 3 5 1 2 3 9 3 5 1 1 1 8 1 6 5 5 6 5 8 4 6 5 8 8 4 2 4 1 3 6 5 8 7 6 5 5 5 2 1 8 1 9 7 6 3 5 7 
3 6 8 8 2 7 8 9 8 1 7 7 6 6 6 6 3 7 3 7 5 3 8 7 6 3 3 2 1 5 2 9 3 1 3 9 3 7 2 5 7 2 1 5 9 4 9 1 3 7 1 4 3 7 1 6 6 9 5 3 4 1 7 5 4 8 7 8 4 9 
2 7 1 6 3 3 9 3 3 9 4 2 5 1 5 7 1 1 2 7 7 7 5 3 8 7 1 7 2 7 3 9 2 1 6 6 4 5 9 2 6 3 8 5 4 2 4 7 7 9 9 7 5 2 4 5 6 6 5 4 6 5 2 3 3 7 7 5 8 6 
8 4 9 3 5 1 2 5 2 8 8 7 3 7 6 9 2 3 3 8 4 3 8 1 1 6 7 9 2 8 5 6 5 6 7 7 9 8 2 9 3 2 5 4 8 1 3 9 2 8 8 5 8 3 2 1 3 9 1 2 1 4 5 9 7 6 6 3 5 2 

32 7 23 33 4 2 10 18 2 8 46 37 43 18 21 2 23 39 32 4 22 23 46 3 23 48 0 0 6 20 32 39 24 26 35 28 16 22 2 18 19 5 10 2 49 32 22 1 25 41 18 47 0 25 28 5 8 20 31 40 27 4 36 22 34 49 32 21 20 13 

2621 673 3456 1384 147 3428 1446 1038 2686 2490 3449 1150 2595 3120 3467 257 2086 740 2289 571 2733 2375 501 821 824 3122 416 1145 2180 266 1042 461 1480 1262 2691 322 2748 598 503 849 3808 3079 1740 3888 2579 2269 54 1995 1452 552 1479 1596 1896 936 2023 1137 1323 3046 199 1550 1964 929 2840 2486 1598 2651 2825 2980 2904 3641 